15140789833100140171
4367625798229874893
1490043715268168121
4759186079512429412
5916023213008850163
1941050059691141814
11143924428964271793
17734682298459143316
15298190989346658247
7993595023741820742
7227079618123753852
10245957481896765095
13534140709358150457
11078232193844233795
10671377830726596660
16785376174868172238
11835501207263046304
14803821601698234711
17317983492120460577
6162000822157262162
14143769063731747894
3380830537494175542
460030365188917251
1702496961498936673
1112709556445007755
14244459430928772747
14817636032842925616
2030915941265428044
1233922973740164735
5784755034639142487
11463983635503465750
14837964673188783554
2107402482764554013
7509963804073083854
15940170029436882330
10438282750693984377
13149941524881226167
3194902803068385430
7214932590799199003
8294864029942487829
9996969666227526993
12134455245154973838
6920205848501217999
17215708412928846038
7416425205854166079
930363648221852906
8568176963908275517
9949191050515807729
5443460436146771272
18092694717780305962
1318689301727099968
14680085450172992761
16745628012971907574
6100024168334445712
16601867813795642396
4201429059315561287
11341942891639644775
7622931526976667126
10864838781841595406
7006278362614071635
15600588347391475655
11702209336401282457
13637952890994801428
7200057098718796704
2705747796804366748
13014780044259888292
13761163010712847527
7280175029097398779
1642365809430551602
6237013605904438994
11302637677363458570
2654053821723844958
15629510689677388882
5937495896502878629
3820727350006193144
672108647748096004
17139442142295962185
14232928310690444677
15487238146141009927
13983970194381105363
12844661627350599659
15791683431637125009
26931980041288737
15163723955222978072
15550319805933304564
18199050647978458692
7776251726717754558
9096827531569545708
11360019651766195086
4517687046876887143
1646616479194549345
11825604366848052537
15937032513252899631
4866071039931487138
6873336212702019238
3706513260312675902
6171798860739386057
5171231134863359613
9551400764460528560
3234945613747915730
16786533621138759798
9467676767116259836
6848146000607606361
2533248316851713004
13442562362969800133
2653919797273731485
4547324035372782601
13127139792955618157
1780142417014023666
9586160294395370257
944851241504638867
10994878743785637625
6619357019795219314
16382519264152018980
18120121191105526114
16350709514288720961
9224708840124369543
10250177205748303064
3510974285044750979
1911893698947436795
6379988406869333131
2680294024506993033
674254683257725574
10335274556145242745
7977698091705643400
5576191515826424308
17593938145928619165
9068740484519768427
9417623294541986719
6645851309965502390
13786975022697289946
14701265521957207646
1605068793269231843
13281626458412468149
8924748641208155542
11487215868146418540
10928570674794632829
6642946961023430517
15035334540657529343
2976078458337658336
11445230747179475883
6060430897060774207
2385888281304180325
3386774965086388891
17712450534938303146
67874207767615734
8897355516529214736
2076944831798908408
3679420349566635952
7091500044921291211
12639262707849677055
14502380825844221697
570753675638505338
9876977214010825216
491003745908292816
1672008153736706961
16910031876213729852
3657406192039933227
15452635362388833000
7322589297005900051
6429357170985638462
6422713842309037499
1205720867641489967
11407911447063276320
5692407802045194344
13263971149222088481
1871661726480407353
13040773420166051682
8192963966288181870
16267767535490075558
16183378854888427325
9198019257932219253
9007792329381507879
3092712938790639249
16458752656009101259
8823203110536873319
5436860625550476894
14412055843219052173
1252264320250092597
17259795825402972230
4967809131101469776
5984183881923068976
15218249818264161234
16101235513074775241
15611121055805751526
7574924548528366873
12460108566898019258
10721233889232313996
9359654543077702678
5726622747702629709
6867722920844261345
4266639531103924472
11982959369692754353
1387292503187130310
819992678703359021
8142426394919700523
11378785054716280888
13271239451407177739
700151757278448432
15973906509367258203
3561737446259067287
9104074931477975215
14815000136684497961
10800446430507707406
4079098034577797689
13326355542557692076
166053782893654058
81251588168463266
17134117743563278302
14881803963204767047
6280434817661033314
12528225220495315969
13877686549355020638
6837536311156460495
14651721520454569046
13265467422857381535
9913042998257803092
8560731100111668165
6645649092721626783
3726696329451894408
5275134717951193722
9950969859581814168
6495425767399612099
2053779353649080113
7908240031502231311
6660232898372295247
6587486880220866190
14954726909902953504
16116204343950710576
16168166785735208819
8519434653085980703
13732836510701588631
1939942982054463873
16069482204857329736
4147371049154756701
10186690229874484384
6261241505892004958
4203923064132108213
24661851450272492
6081665705938500344
15453646315793854264
9662888153903865555
13782328831431305221
9049780770592970603
14796530220124203517
14455533998081798324
4247814924776965287
4183115724657497248
11122065616477722030
17667450652690012128
17658608269182192235
17090443198138836586
12899456073076285087
584864237857266504
17301803976697661057
16077729066936663060
4141030057996531815
15873680474434472252
18094157873717680112
1845080873517840651
10476393900939329872
17290861210094331461
7024986996853885215
12600976184535684582
3623470308962619470
4971039328783776457
6962577589853268714
17134581707728329033
10137197013264366296
10889947006379665275
7134990380685333595
11500771787956751876
6420019123848893521
4701862695133681633
15855107551623423310
119896652802339891
14266487770165425354
3438844457676077928
5100475941196749205
3672309440602141537
10012169312020665223
8796100636889456797
185688616570515191
14172213843881974706
12744204252992646340
16983604049037002935
3322753852754106723
13280832853201251661
3599223352168902013
3240646486660001924
15172755098447931930
4139233793337657182
710327947890858860
11807437086378661000
11104764697684929327
16409016738732060897
4347432210909392465
1694771683960852114
14244498124814789563
11044888996361989376
3498405368486233741
7291837564775753692
6410175383553658761
4913462701964492670
442792730606352519
14249079567228066139
2377765032844948604
10511025938030403448
2041425803089839730
2475354147268052794
16403161309986832792
6885256076232927647
5115131747480715206
4875949881813873863
10756000219350063722
6876671008999964841
8894811162042628638
7057869611150563734
10143955374413763464
5219913926898383254
16927944316717344587
9564967412674573284
7616315420543253399
3659293502712974880
2170755106084533697
1281343919677211518
16176473187914747995
12434475084736234962
4996891107412525824
10790041053542314879
6718182604569133188
10348683481900199705
2286265329880127358
13180308035745596138
15132916046429837287
2140941639232262768
16189099100996223067
9981580726151340195
6573674104232090180
13036005239775579366
4014017398230817056
12306832884275722309
6201765968092532405
5953939389905887244
18143406914187123111
3200404550938901232
16181444675164775423
3510088968762495210
14734662700399037025
9889626288268993180
1367415197735364908
1904784224746156298
14327483171472591737
14391790311361572572
14821582355119547992
14541784044618821920
11030636858517811078
12643574343455454531
14933446569298039542
10826030059074174935
6156627093038834628
3477130059495623284
4680676992254734
15894189624907155619
10286844650709392135
17109231593780186064
6650460859251023112
7539653969385150899
3272531154499833324
6136621966027707632
13007736689271108629
1447934343494897264
10102211508535914448
7964391995989700329
17652614787239324737
13950916396372996375
7631176559399473621
3053062162101517855
2974364460161804484
3506545359854427312
2400011778800227652
17384871555208144067
3256469490778018784
10772578446124395790
1546664161617694074
1538325786331162650
13175936468774777356
6302384769747098841
6836452670285260656
15647178077213951953
4136110242367507487
7347239667913776583
14396029294858954059
14994582822163518767
11590994877438224227
14328135453244893244
17348102706963437081
7594225260011085731
10854520394710847598
6747691446600569883
2344444394534963589
8794719086915096932
7227296285165318814
14609907363705087063
9093414943501340561
2155659414679460705
14519035027842428753
13060202458002832577
8934267673923726358
6938284646447294973
5922522028559406296
12583273145866553408
3532417867750708815
6865170100652015002
6913189222721712580
6307619364316605437
13571710659360356562
17274518031694240009
9427451023238608442
3109095471308988093
13292042047938033471
14912250470916950185
1784541139492454466
5441323718320437615
6136481723312255672
8349567578012564279
15218151857142668535
13872933299204247867
14796584998496865259
11931495475423802603
13386229960950202026
2606411562423701494
16141552087466978091
11592803520599128142
9326306674064424262
3544867542206631509
5744076041738868152
8303885900672428384
2556948906664035341
3329590358053509507
2412957296079673713
3604568621622977031
491756378553163432
17830486644991078613
7524680647431380095
16524444435324511593
8550849995657841668
12475268540061262384
17583532140073302133
17682527131588837858
4847889851802460938
4890858987161226443
5571138381068880898
8193934275900790577
5362165248973457209
8166686039059745346
5893742556567148063
1960956413483303339
184610589012353046
17136879856233903376
15781310552257350245
17719596339152963212
227361781855555908
3531347598577554373
8999628960265662401
12376348958293538287
8080907599641238944
5757138011522209606
16695463586780336021
10466489488100084632
4824889642596581470
14483562821967803391
15241559876792716605
18165915986487725550
17461675098072767346
3854389436803334050
10943535022342376655
17554408116139835697
17833269969226084905
8551439597042221894
10902299443282549025
12676375639084026911
8826026445888694832
16419642166975891519
7136510139140079586
2097823368595636098
14355387120613990885
3232358828037818818
15431179249869727981
14345548264665298642
14248426719743208111
8243404488209500072
6930055846811476637
152032728879993767
12620109711876644408
4616791795601305072
18284323549487855095
8502053221789063293
6048550753176856489
7516029781970136425
5049285416623819494
16690518814348249617
12323287892885246593
543665321891483778
12192703852063862730
7259327341020652020
5966252184645061692
918463742222627079
8706166092547978938
988870760186758669
3764465368293165133
10891776983964720264
16991382883367689755
6569552625055984524
326538571704232988
5205643656452308373
1589370775208349021
4326937965040354383
4171052899778534198
258945283924471357
6053193084316756608
15920837865566919560
325735299046397308
10217482634906581961
17177247141983104430
1435857779405580691
840114815040067657
15501367994377467728
646769528983833564
2114527156874075483
277393222829322885
11336567584972128960
6265191253498338733
14356839139288036162
6389571021917236122
6876333868016988947
13438464606017485377
1796093332214929539
636418695365485791
4454540694856746677
5990954244127040001
4158718860723804101
10575838266959949642
278585653440795762
1531381232994489801
98444825063028051
4735131203094471859
8021182504004130619
16556037390455333980
13116717696420154574
14858487982765579034
3480771232376937577
3145458707432649739
14862473954927589102
11953259825905331847
6165012038582697037
16538960270200207498
15111364692733113259
8112441355272723699
14069102570511110472
2703824854596636136
18258708136036767818
511845128837965439
10736305565772595519
4793426293336288718
1844344775257920268
13365328308135947434
3267964427939572979
8224172014859495752
9480501756414381004
3198242389558884292
11388692173183188260
14520664817825398163
17173510112055437202
16109116761163408816
9661479002401961714
8387372775956682568
16777493241591730190
14970725462512485185
10337811289071166928
11210951912287082183
11451256111629976198
8030525749058814239
122725149972226462
5896642770014199247
5093270515719662131
16350135403502325318
552911757878613153
6378556918053052022
8640253051953487127
4235642536041567169
15797984102216930792
14085841178136517090
12458045520300501323
1880646098954345826
9956082554637422230
5286471428329573257
688480931454718713
8738910645823601263
15330412125532831945
7733898007237486477
3064556276571593699
5085685421985996139
14449834904275647025
6632148952223044925
6857725239358711016
15620833821537703138
3693513820583265203
12674618250130805099
11732041788846718632
4652632669714851773
14790508825825926441
1761308567922471992
17294934065295284226
17352884619265498628
17792039581170047864
7396020702347573664
13838674978056055601
16817471296848740278
4070846167843199523
8674413101955892736
17430082010960962372
12784733600656495898
8663931323067745031
14134934948898756065
11978053157482725946
14659472310170984197
17332145163665307626
6267340352111962111
4699085436104098094
2228461343880815981
10414191815828987708
17548358708616146602
1903218175217146416
7107142557588779164
13305683311548387796
6980413028587530117
3498510199544854646
13721879837634984955
6483060663672218402
6772516187459473426
17060235021989726407
7080220047711050645
7313590676361004491
17633515138226173509
16142543652195877661
830445718726042064
17688052966489181056
3988798042907986893
2731550260715652684
11680272829599132235
17910749678849600318
2564408928765315914
773792277180878249
969080589782057999
8417437509747798322
12785048273227574005
14818051621484076263
13267322206416250366
9677323588724702409
1106223259167675713
12337818539143723395
5266858592162060993
15271422263171502366
13548576791032140895
5195311268750954451
1008504180415618980
6628878902462092026
9613221808884218768
9190556395478030433
9082909502242190871
16429641454410101815
10382726961063982585
15148100658052760279
17706655739441928867
9105069199101940975
10297888401926338413
613000506865484100
12979999055441040388
7728907482816867560
13016142661977140171
12930919697234632051
9353119002032424928
14628423211379123362
7248411043252677553
1599144477876067573
10672498909201657776
10887594323066391663
6344678259955910040
11452337373045496098
16534208575408915843
8565169429368561266
16034665659801909890
17061124020267793493
5459995348313679046
4817375204781231336
17238667809336932228
11292846864141808905
16402971539136482706
10527853580127375982
1251064489379988174
5729665591581296512
9789603622993599898
14295782496518595293
10887109097958069493
11119079212541110410
10362392297287232662
12947188451538694651
15229584786053991370
6771045714322644629
1529453503995717144
1850067089221952180
14756527355680075150
15826792690496936095
429297603274062279
15751051277648304539
8927181107709831361
13591067927252190843
13591069270730156750
7236728080082017052
2978263076558968562
13221067403300583512
7394481270443457062
6021284525521468700
9161961672832629911
1911185024016108336
893387608567767544
15783466323946378996
2815226555129734106
9020230381755488021
11014245276696202505
880192675141146415
10530353232739291212
11431622817331964116
10701746416403776714
11438165604449824450
3282818987012031554
5093419721452620761
2758803130622511097
3347347198220519781
919890832210787584
2395656658347381842
14063978158196834824
14190050661449641574
16505832124657022365
7601183990233762935
9727771250046432452
13347843822509230958
3830055287635336618
16585453230246977471
7473274330257006409
5375547913802077706
17069534208219399175
11636741231179782914
12666660000264682686
3361592297979521117
11640672846223823996
6292063672471746145
13685947430775008152
428329866670707417
2758534874404904120
9901807043002737725
2504846588724333698
9275843116924197931
13139984610107760725
8211755355754054346
8987661864332553382
6207581752802143622
8938360985655699157
16298761980050966877
8937974436577208098
6421655466680170108
5382509197539924036
2863047422748358863
475116001199129531
14214944047533696887
2403001389079324256
6411701322945935984
879169904062386976
8725603927479041359
13591498813623075275
313105197137736495
1896741727792433485
1355547075646710014
3301601952631066187
18298431628143216617
12950030947950185024
11775870910698768123
16640824880103954889
2719450326320905751
11168594755049794636
17886712056890936963
3763165474200955190
3017781433047543264
11752028818727227299
10935195089486804550
17780556118115402553
10547517324450407950
3875990698019342468
15033709731542366943
4518781472816790646
2839285320381653650
14462837560981601782
801091076180697292
1725643174736038154
9066722377393570077
3540202599493476803
2184701592936259
15401380819374987141
11752100995760220192
7285375896547381039
7058846586351379124
12414555310024609006
13372438130371529730
12125244558449773346
3034152677892681903
5032133859743824182
8661959763950966578
15961677807761374556
14865383051012873864
16682192562980222027
5559458372433684952
2709140108673937867
3805868551757155674
14805711997731075029
13140251636996941101
509594196588604416
1594470377593887425
177921017308586829
2822058662457236371
6251175762584429061
5575869771335143729
2016758819349072487
13724044405886479614
9737549230555527951
7957343253798161429
15630160864721498812
915334299350228597
17012399451946945252
6556516684672322013
11328174465027861923
8877260954183199043
986361166936241457
10095742712252477676
14902782523079586739
1655689375030288178
13198305185353958128
511055786757361208
1878325094852066867
5945873240185210391
12068675988559333045
8420194657880525342
9973632053360828539
9797421593379324569
15382356170059053554
376981510624210767
14408005418634497529
4270712937506565901
7767497518939472204
2238405125081700272
18205338590981309934
3617343547245853454
6397448441207780825
17435263712333327018
15489644952509538156
6955932086166439673
11402884816800283893
4902375898305345119
11275629988039854599
11519820363379745586
18389503850203003927
2237940445067503994
13835952258583392274
4338278118052518960
2705365823124807070
12335376269000670222
11176356895963784832
10716566602119965392
11018058342563609575
15343057104345600613
7069884508892070920
10693841648008585667
3420571699972391944
2588746457191302832
3553540501498684475
10623018916693079514
11379117420373190865
6360564232822539905
13014234243782102091
12974328809933494005
624946393797940866
16746669455311363050
16101189295421516347
8362972648080385622
2117385466598337564
15530879351620713038
6721476452933729478
14179118684207954426
3807408020113906585
2126223170950467153
10930218176058738297
3143536006020397275
15758356237446402586
15670041212510752020
2813597715801834204
2719032857124435920
5153147108643718594
1143594088591445777
5464142616116495956
11625977265208097410
11543273376743816954
7938696012220219731
14290185470728314754
15411693243712223642
12395295348681512647
16176379402350194444
16346927595080550990
13943961078591206506
12080634412209177547
13433237761172044924
2535305524467629967
3124652353642033608
8625473898647808927
5597025613015486188
13426608657034969739
9996404129964714647
17320557673121843798
14949596349600070810
5202330977101893842
2205661480344057999
11810442924443733939
11432435724896265287
1881373487461929971
5067103149251342760
18286655408032842593
161821138863223120
7698743334114338008
13770805593268887008
7531627415585929374
3501429272987607652
17101770459678118145
16788997392980211827
13650264818456488761
1152624169162525863
10266439170648051624
15465605269199274487
7320580607624693922
12850598832562074091
3801588154902022569
8977482506504043858
16759119940333991843
16860287399942864450
10794814987934183181
11093441310456921852
9519468765819057481
9890973989837979063
11677740967176497302
16256405403105298404
16240236250250620166
3683238860052923742
5227862205520052027
691537379827172940
6131199271005298617
9476925572018783800
218527062554909640
11734516450544188203
2871952136169558635
5247562451033545603
13413301941792396382
11318422014974260964
10287898542310365733
13684403880040127580
10583341566790448302
15245452529877498416
6726319020364992537
9502438085423003092
3995412340599216256
16228888450008448119
7369123171634509201
11882643242101794978
6114366735614852893
7904134677024093495
12051284048764092229
1673947477370986360
16196196807488586689
3085427271596761244
3859338723448604419
17877069223497175002
2368770406774556870
12070086428645473144
4179707728764480450
8175265533163182520
4249918429155602730
3276687302787232918
16855744222740079942
10579948834896864375
6599257092686028226
3153949195651304508
16571887048629518617
3211028686983916475
4872392146368416303
4774406477941548004
5040358996452867546
3025076687493905560
15809812182887002184
1065687642719914312
4878700870097986603
4061354491365198609
12241140376197312493
5777073839654084184
11301669225312979941
10086050707575118530
12082352252054140593
3575016762417941072
7917712879465910167
4892771885723576483
12561689717608285865
13322835230169233704
2389069390750570853
15255911943218123257
14531358408875215812
5549641357120738609
3133663241639679823
9054105681257211485
4691794188646375994
4571865585298507294
13927313295033404370
2697600854831740427
12564534000329473610
15601108069598765485
2930545936982320573
148157946099571
332882781189921655
9075267275453417891
1158994642961366073
439185815074094879
9619510190893969546
9034555106846765357
12462714169190065505
15247675917701219733
8438066447615420903
2076371087794835297
15406553557663907652
13636707603182089795
8314073287549739060
8421552135554571263
11543280055019761984
4139659873972268907
7736130264700438498
7743907273992780154
17667729808910503762
15442311092313902297
14374401229535406218
8205903524338145646
16566091278299365523
12928068732913319551
7714740244953895294
997313051107765419
7169973149735193387
1813798347087543393
14758690740089934783
15338090790115977864
17781773293884029640
2256541393190830715
15165657235743440064
619902664465868410
2926195696536854184
12388944349483676512
8434517552784769521
10339166645598498191
16442346376131100876
17105171925628055019
2528199888832485078
15414011977892118011
73893245096776028
5744473079242816531
15586919917320176390
9122654488717540482
1352391730355211805
3332154503137878241
946208186497191818
2517909876356183021
14985734030474560951
9001316494324677063
10892795023470814161
10210853736086217796
771816754314876570
3864012821829112004
6883716893779617825
689100121326661692
12280202396257621123
11980015163001877818
3346179166267258747
5584302850947999610
3865098104325912246
17890587872953678431
8723318935323609487
13987680496081131892
15597958912023476089
17803940134686814233
14549571263568720021
7261571516155816867
13334235867588014544
9600302360293171714
9124431533651551432
11496073298576803021
15800293342810403360
18322098173989878289
11820616324530178534
6898045289631401228
11876417747556294222
14601767528032579499
1170526366917199606
3475747102232417922
3895736730706068305
17184097048849093103
16657975144016789567
8722863032217825907
13948651793082374365
12393779173631726404
6535963484556918403
11935069717671771216
13402585800073497156
6268625594685564961
3355947287101968311
3151493865657848125
2894563252632099104
6090429410960965672
7861389921581269344
2457787454241699209
14833772628443124725
1157216443671063355
126095846002677384
14038165007473015548
11639309281555954309
12620994327133193623
14598826051883680422
7923121656300579133
16022354707743426209
7010843324335918282
15394439253756714123
6713844579816982643
17492712761799119280
14389584764758902346
6185314793648455697
8720507849518099995
9441792189505753045
14698139364886239842
5674651021930766848
1994588666923434743
11540752984106689805
3231007988333222922
9914336350281367781
6487264709999546714
8994619494373981511
1560087405294637514
11536412240965574003
7795100633870004481
1049070921167711391
3134421903590290133
13396802586316371569
1515025501004916574
894381555679620995
10863756709947576011
5724671181502607678
6485644715724213054
18424740886820946132
5286278311051514920
5591644210140126772
18434941654949926354
1851596947298578689
1445675067889421376
1991753937718508948
1884751409275653236
623180932702213733
498561846940919671
16792905111872537170
14660729089200197840
4489596013828837446
2286810301646460498
15101155853676764909
2784491945457426105
9517645478538085939
14707843820664310211
916409723602901706
7313366832725451169
12306345839544301377
11039232218727147145
13814620620228001868
5154895192140320310
10188640817937098529
10489000565470986559
8962483445768356160
17501657347877508096
16999270775616102564
9551790452205293604
1077265228280191410
4477081408240072282
51691627686188940
2817958658226930144
17276269158868154499
17247513339420785842
894156030152338949
5562882639583122257
835155547182639619
12465871331808511467
6439151152325842220
414750941698074001
9012020999963869237
5081955942575075209
1599913249295002879
17671980019299230980
9991116689464064460
13463059157089840428
5272316980965267006
8493841147145558395
1237618349007085702
3077329224856546325
5138415903411207894
7985053466389716400
2069188999781710700
10028684642870425520
12437702982423659555
15904839946047387266
11876630082977571958
11937731837224381974
12781485848118652420
13080242094583279238
16327833969011644646
1526763719554624610
16412315478435824705
13082675676654714301
16907424118834435374
5374751743381759977
6113436374659386329
1028330061441252895
3978511534974166019
13643607258707835275
17034126303189094504
5326213417324124675
6971626683004696255
1097749269064716178
9597700664279190257
1467751835130559377
14404261860304296496
7485869767385594684
7471562242311590000
17073935342347884216
10728292307964090780
12364445740950559393
12931340050729596889
6909757215410896587
12534849102136960133
17898418925446485294
11169917641906582431
9693502030678923928
14025273037796580179
3521044545240810343
4350313504623306208
12392819447019666288
7137178297365512432
13258393867165766550
9478980821793186696
13102874559235290839
17147293731689144361
10935530909166317006
101006887744596081
7163902020390557626
11320552879556074044
7549510481964823221
16584428395324700445
11792031122446094596
10646471260625460152
10115752460001271767
6923942751273157529
12140076226641285960
13947499814637509806
11523610964030443625
9621493110739952976
7417577582525431924
8152206411191945203
9303503986704158219
14702074234708606281
15426598601178828337
7452508647017220338
12857367768495494799
9494146490148868646
5282607978303328254
4967675193772286793
16948391813412494167
11925369914104555708
6171399216296260228
8434786394671391504
11334373756391093903
16788520858040371921
16170301065823523120
9740803549332668519
6270126160877536986
13014145058749143694
6776557508828954011
16441867495688219828
3384123009053093860
7390869446143767469
15334574687233324237
6636516323733845276
10141941018845822209
7506077344316806609
6384936980014498724
12471570290795714889
18275308429759011377
13559003073634985921
719445644141934743
18379142449347281104
9261195442013157018
3346751894696115990
13516058194511979939
5867134936203996139
18077363564503180805
4989806694235988096
1126342909007902245
554048150263311527
11610828732285124295
16920738052481844841
6315616141492961180
8851187671134077559
14804411022786080507
14898772454018051595
9874033605794012186
8286209851693528855
4518383586394572409
6359774245445889202
10063202653459154945
3773653427991447243
9114157386665682942
11755486246123424947
5548237784635113065
11633317579791901899
3446179766911272693
12808427711111788106
16620197515215540964
12246534283387011223
9867427315793429085
2253436482784873216
1899971389188242720
14266179993938012197
6572120765591250495
4702707157983980297
18197121716048209873
15735830578555995511
9671549738888629010
9938931211526793910
12768102797658242844
4623174258994651130
4912227466112320272
6030955873440030051
1695295798392484239
16847453829869175587
9484518620652686279
10607730957949360610
5525842733804829465
1274857528834559477
668069347095874920
14945817304372928565
1931728837739599005
14554889448448695097
14556612959489158487
5480796838732471741
1558800466327910384
5837914638827808065
12205009269440868513
3889991677476107020
15505616637979680835
16804383938628340984
842140933645171667
3923386574421105884
15879145777721845352
15520603090256517628
11200952450455133197
2042152051256007794
293925976694161299
12359835038514543960
12840466703302698075
14493184062229293646
6127279670095258556
13336781369291381922
5137057008360819553
1052243084708385650
13449724218932522131
11372255124647641241
4008749349580698389
5803105682989438461
10080499658763420852
13477953825794492924
15914906696672248751
13220349672841149611
6754981374013632848
4732033426154093250
15554944837448282732
8789533649083306329
9390477477550709427
1230434049085793658
1158336118947044212
11198254230691475860
15239085647536811667
424383645868306919
8690367929326352316
4988582427308443712
4439584991321024903
14813261725205650215
16207948530916803180
16367506782887811886
11017374511711123429
13222074131764964977
793935624558447685
7365965205624676550
6462652665430544585
11178206051537726981
13674167041396839084
17203766873133533869
8660678623803732645
17993172308813847525
1976051133110271163
6227036451456272127
11264739053304179563
784254210479330691
15403578155352634814
16231985133651324256
13441866848482175244
4972120484836662116
10201008419318556819
18313948846002621201
7610688717860538125
6959826560325116668
1552024450214387629
4877122303050903887
8002946435595977371
65936006964605192
3794599642523328709
14194116883130088917
1554656449191642092
18305287156611149210
8813957636222352038
16616685588143655680
8022035115860110451
15985738553405493759
10414520940739478411
16346871920770531091
8167032765317711493
15552884062285595410
11541918313608523402
16658361175800220420
17219908279570514199
1395129481257675287
5416254430926703648
14623187549355233552
18259146194774696360
13797990054721292303
11594341012223264156
7555907784622917325
14841743776438527265
7117899335601050397
15739366482410514829
3829584846964489120
1699856322941285494
1221786216107288644
400815042805631866
18004871112158707860
14137748821099969516
4049187224681697861
3630054187902384647
8334282524409505959
6578042049229678977
11963683622389211229
8432272674113978335
16620965805866243282
14083075145146706578
1632401717270487873
10661572703136105086
3496813442790257304
5862862329965955641
2677228942638216623
2631654991104969433
749293526544426201
2784335394789597870
2674429678244816834
17766048673423301704
4126311605388699258
3415592109035218669
14981683663479532900
9904940366923079559
10933011632837565096
17614246214782541994
4016367441006383818
9787274919904885842
2479248981017501438
10479982802191878389
9902861072473409868
9334766309311244887
10725512344173385271
2165074883715375380
6553519935632821874
17695524718186582915
16806105077418629126
9075517076769607750
2155618019666507978
10103624178113461911
4511606410043046132
5082354503710369922
8622080539487957629
10691929381458407333
17766324381993139522
6040008858289151227
4448962784339980525
8155944336098868047
6902037859156007018
1752927574923190732
3560485623766941424
8375696615483755229
8779800683904909120
7436830262894548391
15652223112068745610
16648225821869605626
13736565706013792922
4492001486405752205
16928164274489703553
8334601836854467944
1443549332785596621
3229750230293872942
14283210623295331765
11584182034791645571
2686058687044625775
145272051000495429
3802683185431660565
13289220256588986603
1369158211423634635
14651760700039046745
13087627083233769746
5002974830120534208
15110580131312447305
17717618582872839771
6182957275745892556
14973701827605058052
11088547593695007799
16322195003385387705
14082152555901748929
3447399641009331752
14676453452610266156
6834259777432099990
11582842964220470997
5760313383022883188
13329027373735121309
6219744822241891435
2547164368595408362
5508492343209380216
12894808440903858778
10698052598921557493
10296938098650929539
11582767779890542782
10926566015550216563
17651359524489329087
8023138398493011090
13543730739070805834
4412900551356255344
16467360452977371794
13977229533188059499
8053742922541511899
15981781557480034745
3497086324476739976
17110346583010607079
16926214123764872549
3099727378990201019
4206260952141236196
6801403142236434488
9491019445763112038
1368879483498702337
11871667158335437876
8645762978175357946
14761211505487045039
17448459440618458929
9187289052572460233
1962045865707311122
6547631277195030322
13456141864829968254
15324154237959008563
8590107038413796789
8515278878432204557
1035094944199025254
17848799656402351479
11789436867665472373
10093284588574736831
5282537448501889464
3531339686586474648
15496226764839905673
15178425888228024107
2021935286639000698
967157434058994048
1514581781470688957
4603555824756950829
9813035758519232487
10188384668042447201
5861257329183182692
14954288969352142413
700672322217748183
10108167197469023923
327449536019503021
16741939121953901606
223524411458092089
11510641776680049338
9300044538968396537
9121813002286955684
6214835612841829816
11942926636724427611
7108778019187408349
9963475609740816076
2188690474342303538
4848692652766395521
6777552449368115381
3229637666260616220
14511040336735293740
1754906479434385067
4070606809543130816
17516888460806680453
18434349294441613424
6179755490896496428
12331319242651835896
5920908337368185512
3083269829395069304
12282616011104502784
5129991706601995943
16740306163621184091
9894676036836643632
863978361899240958
4229505941612840055
1082330631466801143
8515767346926627317
5260842443346189952
5926906258907804096
723393241606687691
16767252151591046645
11645346532337719030
7839262125068334469
2084511455791866900
16177188707242459902
511067317210853082
6623169833787878156
6834458480023513996
7158720118894491111
4728099409273628686
6525268973517237755
2014105392190819596
2852926785492208812
5557383952410483857
15719421355389952409
3491866488091993034
11735575860390032127
15180773152505651490
5604366759971060097
18303830556127172751
11824215279450762441
13192068209888363164
17282598162297671053
15861060293893222751
10615009926285205310
5284861715524545699
2484477366765447181
5074199110671055622
16133595950957930923
2271969225127835303
12338471447782620884
6236383553217516249
9301373772936756957
12812036583003915685
11628720503339929036
9995608881318045667
11716192573704911704
1082284127686966401
2981533265363892353
4045912903097053928
2270929186149205933
4736042099418101520
2572031151913804559
3586222885377205212
17248603131477799257
3490992206945934911
2975651840122583789
17192849267417270656
326497447920404817
12503918804878881322
11982757878335424011
5716201605895708718
8014549167485892190
11592544502118939305
4588335263714922246
14374837679677140571
6795076959201214825
8409855236303702775
8567670142605565050
15449866728963094160
9631476581545779151
13971576484906902086
14156276126338474599
16669140723307257121
2949113826466594900
4483693933806393348
4599583704351150163
13858611246652110489
16042224828631549567
11412462576313444586
18239040100518493132
9776335567737919646
15371360138742685567
17033641192994234630
734133800779476301
5438722404443803629
18129605981197138120
6429306936864016687
6756735719629013247
7708518537925662147
17144246023238770780
870447354558348427
11523819931062885558
13881916011954952921
11881380830402056132
7761564600796114858
6216471275153232559
13230122856115193594
15205351883189240228
18138940238125696052
16222948442955902167
2093627873705058459
6359997151074232304
14695906491879898692
18058705685907156128
16035297682701304491
684061328986315208
16194367057862819181
17491178301167189856
4454915780428243139
7567055920214480762
17480617125776256311
392136088188053064
3900523491710314195
9077155707286070834
4084678885399641843
2928272296593874435
3426175354597298076
3181344207814715047
15596357619718908308
13023270718209871833
7504351975045348438
2208026448093241912
10923020215751429439
383795532522266133
6557444902032526806
7456087176333147444
280435876789334641
7615489225328534397
5820808389207633695
1753527276366520813
17643064348489665692
7321490962739553555
7038331942005911702
8632587341904019629
17595788211362617420
6778719470923395406
15841977138158871007
5794294493746737040
4603615142469038047
3133244510980585631
4006218250507387849
16118651616169662071
11282707481247883172
5923027335297180636
18188832295263332268
15857688863724242552
3820975155647069387
16277197888116434557
9041621675523073480
7030869176174301977
1295983199314052946
716215805277466984
15052431759458528224
5760156752306278569
1785614503356779973
11372574241449783212
5344942563822072429
4625424407899913435
12244565712024392819
16793899135650104876
15862106324869674411
14751342606587222126
16595979136424785474
2207087946789839667
13488150044366064982
15143146861661298374
17286666796569566877
3021972975864664073
6119928326913359791
418676410012225382
14538637692947049030
13310548234886044122
12084523740570738460
14657438275668695497
12897163729109542655
5860713873059635476
13911556769480078216
11325372229913258595
9653101275357218114
15684476203969665944
1054967740579688850
11048322567604572193
4117879515460293224
10601223677559860242
9709623446945324512
4880448370878368204
16850244155728008436
8006803036407468734
4865044881102509216
13561108525440821874
984378692917133462
12107960973828753720
14382526225681704585
11663463451239397573
8320843124908491508
17006809127697802432
10206033286145387201
2686321726860896409
16903891187885321948
7228637150849766655
5354858184472332320
5444679066330835039
11456963732040285962
3588826279268748049
11226502546870014228
10867950578158237495
13571031276562218742
8971346420474563677
13009895457391412266
15724067901467829256
8429314782157642363
14351117201499715177
11304876355988152683
2178295657662235537
16602383927709345963
7334468200712114499
12593331537160427520
15177573750198547873
8974912685118123964
9243888342076224522
8106251004963178884
1112997365177449110
17236489860068602905
11938241675258438761
12909100161122289908
5034306415493057349
5004933865870618106
11799145041322835488
8811352379605553811
5029786233879213175
8099796441575499519
2650621367847139645
1347402313882662506
2540515182854572533
11966428240013617086
9874270958133775843
6977621179310932950
16272915777620369165
9699219378172146741
7749620748183098965
14579125285047595488
11127124506642116988
5904973136167478133
7675308119789122239
4461722727927242868
6781230716580315042
14012353200461778276
18164878720690723821
11903800906802600228
1599358752362503113
208560475533672979
12375263587697962443
5933884382284668091
10254482429189521253
378042515412623593
11888247809423537275
11231273623012835167
13165433161437812136
8542914067591457113
7784538454847238758
3786595827583616428
32604043425859516
4714612141581854244
3948171673829629263
15946120164430009445
17550452061559755134
3789529489099166301
17238834924574730332
2660292437769893773
52545014685440959
15729746790117535489
9764488632434011364
6289050540193056552
10882538406524705428
595946051855781388
9364296733739035060
6215220641023983503
16139466040998169297
6583748467114454039
17136303490853915274
12757994908042118132
10007392562501418082
780864019891122279
6429244919205006657
710504317579154355
6962399783475158544
7535347982394173789
7965154413503946792
15428584111318902281
8785336071003451051
15818738276710596662
18288417738091471857
15956427756121244717
5153700926170565964
2915921858990328417
6409158167648283346
15256932447028672598
1996605798892505064
2471414400331075351
8212335378198525585
6138061328065605320
6429343907360067351
4244740959303247970
5405319894155237231
8973813898724652791
8018914408420197301
8641457637235250688
2000709459519774118
734637876655699440
733192017527181621
17142000801354745546
4849682217548865544
11873295873040572819
10111766253532490809
4152634983704097128
7947372762951779110
4798587236562624827
11050722156336970186
13549011422240549799
8515385664343677249
16759680609256993983
12665220834918139076
12988753835037064925
12161577615108806458
9873284362852777053
7184998511795206091
14192443997463365842
282564012810399484
6144206771903580990
14204686169727429409
7532328117166085448
14953670980295455901
15061243976288462115
13542265900944253321
4885213662072151660
6908086134789705681
18380231344839471914
954454872411320503
9667558750822400664
4021918253565141772
1380369041220053709
3132559826236104204
5053998692494794065
10435592333334810322
6058358684295805622
225444488776426442
15758385458805767455
15732406124391448714
8597700951178112860
16563761938490725673
398770753407187600
10018785202159646738
17842461282562004264
6164963343193187303
17463934033152061850
8957399297572461089
8181410308349596059
11777102766722941846
10796735428274065674
3975833063107762669
8825765712755030784
13576287807201141733
9958101747073353567
15241214171188669041
6912447351435284209
4763841960783396225
18023818629682249955
16407672443831262428
3204078709738575034
10388006620928966309
3437763827726649077
14456810450482392808
11276023853017335624
10911942314887827335
5520664640009789576
6013739364468411775
8056789281421334056
14616572754399208438
1964825647542108781
8342648312501441499
2666886176041403944
3097839246184013594
8251523177252337583
8495940777806220695
8608684980810368659
13431690909071525131
1714079406452469402
10377453623310187923
13105793361397556896
15663842104462915420
9954310071157131516
5647203497502811422
13792096895913529965
14303594462007858996
16824954527815086645
9465833802224331424
4357073536179681807
11161976375578805952
388674125186577669
17687505409195380796
3121837814791920075
17832942875951181441
5709028765379238701
4518800688902783653
8070785792128082275
1595159844690131743
1509237677136823892
3464138812081226535
14585038922562477888
9887868815934557087
8970515956959356692
7985895464031986874
17918548089688250330
1729815411577918701
10938138284774761481
17526817144819234494
2762804383489525254
6887822288367615857
16845103151204241049
9756737507492834511
6082418595701546423
14892774395754176521
2828059430137583896
3661858190653689341
3044511424303651743
2586804214361848753
5853070823719749384
2196787204156183570
6251795737273226818
6264302561409000664
12028861662257856549
12629578454086888453
365205651419266920
15636325266654693130
413376573879716719
2590204070600588543
10228105177957011546
16657206175118840708
14841421323027156424
2979139431675241918
6534854598845969825
8094558442538921194
5619590724076550620
9841732770011590033
6373124386849263565
15027871095321120691
7223508395519973326
802280594087678789
6626198623113926337
10450757499409975907
3975232208466685268
14853900231571191629
13256180551686749302
10450263612273664665
1169631098962529613
11577101898054180211
3341644116248887268
5950847412478909746
1243391711575888206
3704948108632336216
4511290028485354289
17802415497334775550
10047105731762096117
16339844469806073219
14178936916899081793
13683432076000414413
1021656960124713433
3935159648859457554
6168661474620069357
381838832166644157
16458561868102845268
14148182766065567247
3897830513953549978
2958678965243696766
9034471748269923659
12450786198802882068
3667137284814401289
7266646524301086755
17728467115517341237
4033868129701279396
12542887190938022394
2018284191025060240
14416565206090572507
3519715272718898244
14182831472295482827
3595846651912222052
10355389659818991678
1439868067911706623
9800106280263160514
5697506752834715261
18385563194965251434
5791746049653680746
9070702272963270741
768701967897160246
10302690291430824724
5899520134052615507
8394999192124791760
16257348405489614145
9919761710537714032
15678317260469353982
546999476070346056
5809173940202533006
2099383927578983696
411203610261860433
4611504550922174253
7876451550619553978
16678022658400276793
1551769412302544873
458998069375111632
11955789020566091335
7785320157531555893
16252987527822320162
4770946576688408914
13054984209797839446
2361652562740316440
16425111342325592839
187408309247892550
8239934450830319172
11333359485809537165
12888536635756668151
6373160132233645524
3665161208020739527
17560093801023909782
9704608936410053999
10901669035725156850
2448090896358619353
3040195441222088531
13720530448787496119
14781252951603596963
11997425622652213219
7642359833223572735
15355900183150111180
10886840599586824788
12160552713143582414
18233394253467097528
15390433202410804628
4989411107734784540
12503031015547682593
2797893902340119096
1463549787865442921
14478010107261882355
1253602344439981518
2027905719981269599
16574505687226427054
8028315880084512502
9337058890965966159
13006265214399333334
14375068717218580175
4994427640325052925
14159955293887284132
2734227305754610399
4286697830361158607
17248481322949571106
1994998382217461653
17346696311734191368
3976207909021244242
6900585963557958824
2337284685005558006
16809725016023989150
5340436349748559558
5812002219258247307
3252321996973769346
2078526079915539397
8732780393719753621
12809260394827487408
2146841911851296855
6501638019178098399
17186598740266689650
16687225253164963569
16467632467293401019
9188906407293479957
6208877303241687408
14191705794143641981
10908808482717071318
8011547265581047311
18025299367519924317
11457204050717699419
17893766604552837031
10525073600853706103
15760514011266270278
8281484812655015216
17060266741214257105
17060519534525866489
9946897625638821718
18276243224491262760
10851015441494021385
4410051182991885539
17529805959700684143
5688897792278048291
12062725157301618200
1843505854189066214
13762753323760513757
12549046098864069951
4652937840200965348
9431559126359264513
12315625151935435435
3365970528492752977
17196833635880634162
5129354969354360663
1587916888407481288
7847714905947964713
17585110159922675469
1371276053838523488
1142283104113954953
15967190283133527559
10117899209476808313
4501869672380968930
13597192855320396925
5110482216236575219
9822048809514477825
17992136082731713176
6061848033808848770
4869599968776796684
15856917273949404979
5726417531134754530
8186358801140482536
18074951389073695323
14547605402476916191
14716273770500055389
7675005075975109509
5765790485848708999
9842625711404892920
7186062201313518859
8178813589246224850
13556846318896064961
7624185890094403963
9209273447412393322
4715957323862950001
15215018119147360597
1866538781902431360
11551268183603010195
7347284362827118929
7225566087545896946
15400537548187974210
13285144158018692244
14150560150904314114
6933227007524042910
4944126682500650527
18324739739731913678
17742302264458229488
12285834011586277720
4566233890349398223
8380648592816532180
12444179927940821172
107211344821543407
9874846982866804770
8063994841726817188
12001561786695026184
15785332629769286712
12502746682200293584
7189752430465044052
8762116563904167964
85644084603820366
3162482769905392554
2686795939682556946
2833051709340464135
6680939201284369320
6996311990255935304
13416223444338019464
2070385379695376096
15693322265372820272
2619600886091919584
16185105792311471910
4141535733788887286
8746168049493319244
872051381338342548
15161148415838182821
12198573004170736916
18009059489017090233
17399605477766093513
1872810123434132791
7748174534824596167
3136029683319875522
11707504654098525188
13382679255485574068
7102004792021942323
5870948014400930131
17661917770380489258
8522091282165059935
4909113260961541873
348826117090460611
9311212662345857374
1475649066059514774
4757989556123181999
13928092428875735713
17324199264951158646
1680771504886779255
8513129142878926309
5805423646566659762
10907294420346151045
1348923801155406122
10524936147364539235
7447687975086015161
3429218596301314222
4003619502859944780
13423644384374572706
14199205457046594051
4185047145045791099
10165588045723071468
16552821752597407304
11549893656852748792
15363950738441858194
341809752818437824
4547944771188233067
5934368722486064853
7667057932276804705
12069758601484124043
4809063342107266810
3441298811112264072
17776436955933350093
4475648144602177787
3631769017623177289
17298469467704782680
14489366489537930487
9684028823666849196
18108804928867591344
15150678027926145859
12518261760467454615
270210295314160710
1867934934413868859
10458362611243084575
2450975114996683401
9658163152159347495
1578050759997829173
15282554511118852063
14809697622246136509
13723262392545263603
9208151936382694303
17616673448035915547
6721968836810847939
6636680398169133761
9657272140571989715
15344027606067010590
17404421944608258457
16462091534187262849
10678058922148298666
5033836165126340855
8496777270275637704
10105419985257490556
4867522594267279476
6837525984400282817
11076806526225732130
2883233102982694154
17851477240820492019
11817229695890605544
17936962711954296583
7332224152728035779
11475253005746400377
15103542446798193452
14971374636541193899
12766553818536380128
3324339627925489094
3096129598765999055
10088302586433192768
16978516767062982987
4640238799856883474
8946758374922875416
6731886151671500142
1253331753770314704
7527698879204882035
7754882424283222908
4290758540918266539
5468965652192134756
11618064383381519537
3228681872306724541
6928193187932285415
12820663620240534394
7694739344845110052
17338734128150720469
16041458126040062011
15934795292055152022
2304171621128614887
11776057257631214319
17975876205502602513
16211391931101647976
3507913245039656859
2464048057270207877
4787194627402982878
2711447605686558689
14228799232558361991
9044846732100362342
6338709053919518740
8773000537393009841
5179570760517287200
16239711774856457403
4779816959215528185
9694191992822313261
2678506279272292690
10995830165843557408
938425728697020651
5368862179103751606
13508934020931291105
9642517901358775571
13500358548777048212
8702420264701815587
13453088131564839212
10493344884665839395
4419926352079337567
10847201771036825085
16876803867472595343
9174618301594446372
8230370361810662728
16320424940759232365
3296494608614387220
2310935717812894302
2498840913864550685
17672687405147667656
13748059759790585364
10011686021255615588
11454786721740155708
16284963358065780215
6812930676254230400
18279655653480408130
7181468322117765678
6955388819946983887
8609020957229658701
16827465633710043685
5531113435591213577
7541750882354696107
2606152570982627228
2253548150382208283
7516126142881725169
1191177067557061365
10101057571038477784
3382238680687252247
16611168308548995180
16404612436648689997
6964246579567158323
13725706328857502323
9985052438300126791
6745381359496774481
15675108502136259790
13750134524873753591
11349745755405470226
18147552801977361338
16291627259483870129
12342450245546735429
8745087986078194319
6177856445898091950
16298969509595381764
16184913953691707811
9239862756183455734
3718921070582597579
4541253593023862540
7143994363780937212
12624470067216912946
17433353607705274743
6611561077604119924
11853265967962784493
8009888870768772550
8623496798480875792
10979958826010173349
7953414060673569481
10812083532919165853
10663861542191543979
6760293610875672519
12290394489703177669
10081977310918407280
11716852796250249898
12234639028084025686
6322742579061030818
9417619836169952452
1750352551904667279
10264311342288445824
1530242102483770511
9449459359151945667
11781048111297654379
11238136217273828823
10633103820676157093
14445202999255264595
6724158321588949541
14345896248267171825
4042496253690590978
7659671004647319773
5546580711669254684
1745766198004204369
12360089024867263436
16382159033627280932
2922484195412841318
9434289110080465940
4298320221014733588
10241588029655783257
10548297727640844199
5219300014625440926
16775871896872164659
2991792835726189462
5788874058391475062
15976371265367506960
3189888725297381243
7063953655832721566
2557566809619263680
16642586351703325796
7227333607124824668
5861105445582822819
1937248559917571258
1527902520943517078
18390748564104845959
2712330066926772408
4686742190460404414
10134214114445333045
1170431742060564500
7966920116467367451
18146227195138958747
13856611825886684702
13832518488383324332
14877902388592304209
14893846990839476547
9137624417689508996
18156476901496369968
4401336174891449224
1298683371686264559
468021280944070965
3029059934007497343
12903578025274798290
8488278521576033525
16483406862927763796
4916873790461618387
6421389314301836147
1234374138998763501
13388623605413921829
3347639871940448474
2412718038293685183
2049047789803042027
14808743469758924609
9880899942010824557
15310280177962184595
15348269028278433894
17262606021568874192
965427723673100393
220789794506598630
11579567924002935649
3540152566679479058
1643763696484648133
4252173022221478922
15880100040778281209
4254992534682470617
12347600949610932352
16663233357976749366
6363339200973055839
12458101081996564734
5101729991647381315
16562686090551072951
7337610504002444713
17933810013813022872
5409234401768403487
16053681360528954192
5281853572620098533
3747984319720298409
16048994663594639799
6695541606532853455
6789969869217922274
288862887256335414
10916300916217314846
14798603331630678352
241295660142797932
12583005579080879285
1211298988735379728
17166287099822859871
1208186205155938902
18104861615826049989
2250738650822100523
14593454689769998870
15864002339947240056
14353066556074848024
1187767653734962270
4161567673247731043
11087188094277889085
12020056016162446764
4899546436885689294
17932198232389062469
9862906501790392142
7098962449528588126
2562741492623388703
4035597609132977006
880682831931043518
8413141892099206246
15985882745338602858
757713126732901465
6254637661321088155
11237982225244468454
12947980739662668616
21190088204081061
3583761839136879290
14163433344123288864
867198351411686177
7659382547355614050
14965488024015973095
11731606972187784394
4079777188082708801
13729981907196503394
7534269232417334407
17014255473162052139
13926112466270049544
16680607563694524154
12916841613120568894
15829482882485180403
14147517794946418737
11344866914199644029
4107673169531205767
11776843317375095936
11762212248531266316
11713067455614932769
17716959062786741320
11424377497059263613
15471574496528870980
12416865573849432530
11432872940859612666
12879298244789521023
1110160352198118624
8395231585518245444
14160967599620780357
19809670308754498
5166334627824559370
16892967336272880728
12487884734481832792
4144539822279206741
1554872417317490666
3928520142369055767
5267217281831869718
17870719611077277432
2669611842630175841
327531586738648670
15486904873183949787
7489746555854571908
7314620572675240385
6257915713647394682
6460695469724252692
6170049390218994327
15340702736362944096
13688968709982830614
13296355017828561404
18189522944907007570
18437136561134602362
9305051205500930378
1858213941772059555
7703893231155224415
15177378010934461755
14864630733362629858
14659896748791360865
6291447609281063713
4627007083182565045
15366480914833506516
11631370171469774940
7605544484997278675
11108546386929182828
8096451541749770068
10209234651597807645
17160878025044995436
16644897156809686044
4985328706961787017
13937290957086014967
8166517860113656073
4490414617088439412
8356469109707468520
5318555188274541122
15810136615377282600
2664334737648013765
12286592865443340712
16461085236032930931
1666899755435121488
7749387874258964161
7744342799189194317
9884069353019457127
16749113569471365872
974199702085854929
12319309129575446652
1856728822884112853
4135138011656593462
13096898969475025283
9765888683660502394
3128975893297361425
12397166532906090522
10742923767813100883
8685283631025086162
11190435198879904502
7689051251352655168
15092764412052558232
7953693950903326400
8161978690000416572
15092019610678988758
5513468387385404979
14079834408806292121
11041787282313991035
10286826164907808813
7165716355147898139
12528870075381948776
14349716261469445994
15256372547530120379
51626203999843504
14108075482792466534
18234937631397071178
6721191231846519100
17648637510191543785
4457595789051677116
15651520895771168621
8618704847574114121
1575138725565824356
5458399598431491309
4054733799386993902
11488379570016551528
12245043234333838573
1261983188202060164
14617393160417041597
973586440605131020
6713563352827436890
10678064718503407065
16351153189058181194
4295910835753823987
10099899733485516211
2743677442005184945
10378514110609444149
2336436471784000102
8946245803029678247
11824204134445740914
2219277103331082088
11745543703387335576
7899420785855960613
10461793714103479291
7242779015250976745
11388204798848506526
17728065172029341466
14585696273678379050
4830963316262153239
11139206635336315813
3576077550968342694
5879665811855355390
16953732834107536319
4289474595788037963
4459926437031822434
1541164347321994330
8205892263802996945
17966236971918377695
15791429418282896047
4916600057718108868
17109987271153416942
10911328266449989860
8857214673831383164
2081056816586792500
1044076480651942415
7869722742730946067
18032374278156873116
11435550930285059605
17848787879352556236
6820812345268407009
327795458922672518
16798015060489015990
9036379817845502200
4978838397126615828
13501193412418452238
8095725548234650675
16792366380622922258
15213987560151013688
3948151834174182891
4958870842752014641
9881520679471250580
5545795862007026152
9136220410676794143
10472560426037176163
5681585152607973293
4743011204044545231
386424056689785542
9584886483574486108
15081010468853411844
520296065047493332
10001271397364161283
11385357886413911255
6326784696190534888
9403811787060786676
9949585319315395418
15719237352399685869
6846438233351984829
4610169436260101523
10163777247254416740
2039252473187829176
13972504789729350623
15946577679341720295
17941685086431747301
3945592305483562448
7263521537736085292
13297823694505483671
9257624863414729776
6003722250657623955
7963736781560114350
16934739009613484076
9881719322083474789
3169413918168887083
15910751813237352648
8716194908862451975
1037206807192157483
10652986229887409351
4154737658157336694
7911010843012156553
2166546218393720982
131808121559120061
8231369004765030055
8503779736290895971
7156469439855483572
6188757277736043280
15567176791767869324
1981057621194443927
17326010346062878004
1196917421056528743
8915406746458088706
3566149592289712678
7765761598425878430
16849437183452557856
6277433251341549317
1780789683240131300
1549880900597736330
6576845785607335382
16560592266819088196
17460852099905902831
6519761742387441575
18099805172843060272
13475757952641354611
7648901624834674032
2073479950751810339
5598547176862607229
6461829772864980776
1864839451416050644
2716955319108650915
9856215578797226921
5476360320593687695
13933322548557044136
8478642889842611873
15174116406352847545
11642551968299041224
14857104002323406836
7601123368144658486
1918717989287986621
18000166963083185052
14615761404965342311
2381753985610262283
1614519751950766887
2611105365601759408
9630022323493168515
16298847402688338356
2559291278277427656
14251376584601400255
9469025065570030515
5778569995524610721
18287725005010178614
18020061085726419798
12092364444533904776
10445223175731244641
8084802310882531833
7414057762427228938
16327779331591954159
9608927092556178849
10332262259960658049
2570709949180817984
13672386047670102108
7671041588047995492
16176034053196729947
10977622480277088981
6658860605158979265
6399914116544831939
6124619337850042351
16717790810888776988
18259856576661259331
1434682450134844894
11659706862929809116
5839215848861458187
4399515479924199598
489655981675953922
16307672424439141622
10215956467874786486
10182778457050501419
11028489208641171825
1606463064030442524
2351779088070327935
11780723818066945420
1115591761013627087
6388650516157515249
12989406430924650855
11063001316649903031
5866202860296282536
3346926632935845670
7551963577694860373
18372487652281059188
897103749746964252
15341821637642172133
4937558678427525842
16959481228772446893
14992590406983396624
7859092430744443652
3468181064868403500
7458109808922202663
9910880217348440422
14876374828900841375
16455949788874428154
7574806537155009061
15286881999445586474
2603385451042602805
8564243252478126247
3563402717325029906
5149938077903007658
9536605823330639447
9278157622658289987
7734017327677785134
11633052160589058293
2484556133920228628
16981899247111818403
16053563343702945766
7831175862214301460
8494067918794633591
7358689989478666685
10724274769981261198
9919543578880428866
11632616220568848938
17845507190855525
11606794879414704578
16848996115290165836
16617000830695541584
11434309766424550102
17403361659371126213
13356776758072378078
12377089271862101942
17274058329778585282
2991200997958629334
13681780730654760966
6482322124026073290
3048857293954216902
13082384938793777557
9695812367118054237
1052750400458310706
8825716753038541768
14134204593170194032
7551729192039224263
7553696835532931978
7662207521499262746
10518779334755425969
3189509349608659298
1240459604480939471
310048584580776434
3383282291360070962
15340638240642099569
7939050948590095928
16067269698550626312
5601683954578860950
10723976291526178824
1020832848022740688
9422982270135182265
9854013449433770153
560803524000811547
17221923169895792377
3730930346685936669
16442240449604650322
9924005134644830668
3231425199359328996
2363057010888800780
14498108277701479248
1697174826191107167
6229357712958209718
9356029162827282494
13176822500754658607
6341500270136396928
2275414226654742704
11689124275077056131
12249125046420067477
4624227964674677787
5446980858466879826
12709723394815054331
11336608385866219685
11117495769574442827
9566780914206209330
10024197960585505869
12370149489101993810
15324308919706421265
7324095871206161552
11259842289061171263
10950259161034805447
17534777574697453907
8287610309990265518
13207527430841357173
2283660678236439451
16187189158807480372
17824246970376195264
11764533601146226064
5959954402175423517
6074582164256989397
12183241822209784131
4464696190163679614
9312482523336958073
5979932597859154075
2391095468396620346
17852169475745958217
6573882885120057973
2926937134505036223
13294023237474248518
5588389646896407802
2404446581268856469
12426226026681637587
11389271698552088268
12848732383288113339
8545048800564138926
11597889426754268677
16693258806440418724
5582550085538973746
5997618013667261887
9424463024230597180
2724280497712242967
13702388051809066306
18245504682323374506
13061205167533098
3890359108124547420
12848462914867731249
8912594419776968575
5025244024521647544
183803993197109261
7732962233270618503
7424161937465796088
1691326364585367712
12203070243704528526
7107564296764047347
1799288049729155422
809077457266838456
9917076475446789455
9158121085922704652
4802899525086188731
16661767619333935830
13076063425852981151
14828459324975665342
3487965761032553305
2846130992555626828
11257870656705538526
2795320001417699934
6202964995305810131
15137661977675502855
15017754960710171844
9186043282142575384
14000225261908431876
10873604670489551778
14189342450855440142
18375829403535951717
7098790002999266172
5002685917097113748
10397791515897804619
15165418263539803725
13016911688298098885
5818419763337298971
8397782453287774987
2389960243922278802
9520218245535957270
4969309687905816876
8420639016954931508
11013541487743542273
5460289589206367485
12779335784364625639
4770443318285506025
7902136768937132158
9215545651598665128
9180768716829294751
15490586480172617815
14284122963708280284
16094306452104214017
831148349544200081
1437557442610103652
4365294042225109996
10488537834651115788
5154119600833209424
10797656139858346072
11311530788501740942
2008376047922858095
18374633720169574220
2999257885346587522
9059546155570695836
16750299124269368389
8932261186617737956
13151736723781216885
14196321142364828609
8891612396275005251
1777061366607421175
6233901821269376767
9350675022197017666
5565178059397656452
17435805989401931500
7074931901383872596
9755399300864681737
7017396886789425524
6828464251721432093
1500243656542885826
5089939661347382807
1021542674058295132
2414879515729559398
14949304089088181638
7501585266668486772
5493614466146850510
5705183720698824296
4246700393379483281
558490584547815405
6108182744930935893
16683458217219801438
5038531997599473257
11712805286031060214
4553733101026216003
17141924109051740262
238752374522316117
6477983816341115173
7773025059422615229
13194426465314941272
12063691991418770083
15035628184639763828
16624074743008976495
10308753173430933494
10303130436332572307
9643909735322245208
7479152619289514544
6578339695313704548
5236652726445400548
2676027117126430371
10223164963441332012
18225168795747936924
5145660904804869063
17414631764530311997
16511079900957822410
15908682864576074838
3323624527646528903
3852830085930076666
10053281076566613465
15989894413679988165
12281327152086958466
4894918974511783445
17397184811111849118
14572282900600379690
7880316084615927258
10602952377706051378
7139376479413101624
900224468158294686
13015133237554173432
1138279556659971444
2451117326133731093
5379204869289038792
10403762473690383015
1690656488359912349
15486216080671759776
1063352913961348776
16672544340824659201
9225722469758414885
10941678347608291851
11392869149346632714
6408879700607097246
15178758916392082813
1696134891494383255
7320915463876127734
15524568085461037255
6248594515336508292
6631321467638773546
18391573828038254195
5702436348988956481
14971190300117942415
12671117223130826648
11898411050757074098
11512683581240386590
17518113817828475616
7538676207863408782
14042880984620744025
3488300103171147822
11443127197667163118
484538489708928947
10783504918684164215
12700561264751338258
7870659133907916762
2430973075631849154
16986677325361130868
7149511525437982141
7018190550945967355
7252306817759373965
18390577797703769209
16874894437302750240
821960902419889045
7641543780616532463
6494437531622423225
5626550178916522257
2251173290369910113
14702832065548652058
3129091165217321746
4960366648596918149
16428946023509744528
5840019398834088561
838624918928948175
8140788858180732461
2050669817381516418
17428719716059989563
15751540570490357306
2836604913607215193
13237207639969645841
17912062133790632289
3423771537701983069
1833368286818358861
1598199488275349438
17372973760244208311
9633110926617822089
12266068208731997252
5531187750516553948
5786834313285206129
6519538671254323791
4087428239521455413
9824065117545076769
3727194099511485465
13175129482073206548
1103964332893576122
2030725468679047225
17811516663789887627
12386452466886520580
1107112373416068176
15950238822130516905
16691763858727319766
4466799646020458132
10394290368090633366
10374587507109366508
9619303422282689638
6417029341630725486
9771297232253060237
1466074489434724038
16209867272337289494
1516687897776244795
13722538422014302122
13052193304731972898
16991477981564214628
12645131240834565859
11848797788171780266
9765296047448680773
10535638585698835785
16356184249569024789
7630265860378335301
249555405734335803
12613435980601722494
8876336397381788840
7622614995219570136
2973499080787787550
6894626224911808220
16868747741112309928
13547125186216063926
4334364327571883695
17810398175971433821
3837395508477937725
10235897100051374604
18048452916112265679
11086316902110085043
17524243283461320030
5093174987434604314
4797935008413778951
1322572170243873839
5579167715610911916
15613132970038507793
2025093346759217000
15344463851685244052
3398109719247348273
7897349236767949848
771299290451041245
2498033422961995089
15207899238223006525
72947157106347400
15023296254623178941
5004797437816938954
11036403490964606976
16756925049565897819
3657965445275993039
6169921072686744518
16576696246374686985
10454219149498695495
5061843151689174690
7104901196077398092
17371301740273345584
7394534466824140906
14547776106968982431
11663363186880032582
4753841346749516031
11433484203258000307
16067049667316242234
8342777389175362575
8132305808833732997
15571123466897254
10359702980448544582
6192726162707422896
11439622989823314095
13654383724339332918
2508989552853228168
3695576795229071318
5422164463777080723
12322908155126724541
15871546260202910153
5383108858380836607
4859133811242799050
2369625619570360578
15096068111515493591
2753437347356328387
9513631540624577910
17785079357988941824
17631343881546511391
4177767408069513653
10781274167229957324
16159364277508214426
8172038740577209711
1801512124116002995
2491324377615893727
3579079834399147300
11998081695229218342
8140746931629720774
3541627955824209612
16716669880799445299
9524203722320933703
17537319778292362145
14417176374192979874
1043401221933907614
11583438335219571889
5972765585466487374
12691891425021316884
13106313631785353482
11274057806231997601
8679186147880619055
4038658375843326459
9256558574566212114
921377981028963693
7653145588913023053
3894901276119635484
8209834390684293522
1036716295879802687
5201758062665623933
14652904362547006159
9098350416348298077
17702710145227092495
13288452434266620723
4517671877030652723
4994598323073321822
16094322045575331196
2359341308675869400
3139834881142869701
7155285801018746885
3425654875725259355
4677968728935160746
11764961280791232459
9431006692317066175
17002597048344438796
3077636610233659295
5971859369933005411
6373632705898124897
15774660394680552703
15724428160531229046
8029984785655147154
3717540561596759472
9383892417855341257
7603812084580829699
7606690916399884310
18293881463805706835
6379415350345796646
15928296076763562534
11606098657836088554
5203935127766128536
7373234976803302520
7572229262520673404
5456047885934339722
7341707435234277868
9403249463179658636
12111819865810029026
10145826903283953683
9686297453817001125
12253749500329184171
600635429695294357
5252966539450947551
10568599636848433505
16050885139801466900
3064354200639741877
17740842272876483547
10567227957479640938
5562903081635282045
15304093591831042721
6710157629239299600
6003893991344376611
12253775856020416138
17690698475001136926
12449017327076188942
10962737001346545633
3525679237985588241
2997621872197217080
15556768596647410542
3101708826608507050
7482685526502018852
11417721699495105583
4735535047344108222
9835024104640490929
12805111632557132259
10895094065824009875
2485880273418988795
16229598350980555882
11568556497854802893
638733928642433339
5810153080826309440
15124042267665149208
936877453315741598
15644598455393895526
10909095384386774653
12213439652260059695
4646081095591676480
9387136209208247928
4419750852075562398
17791452083219328242
6698442705348277981
6227874336165340592
746019686896131961
3779240408184066493
17111397146241719923
5274105298925335890
12898992065601505678
15328016225753298729
13930457966499472465
8964954707679074275
13197837417998892742
5360165182567814217
13855765128574461269
11689679235468637298
18126447712313202545
2907850094074532374
11489958247451564320
15199304906632663930
6730359799070445104
10130268256518095078
7000247353626697284
6597369806847995639
6561634852665453571
2053719795118621521
9054542460272159570
13670455780679351900
16981814929883712322
7934640808319257029
528477059571445921
9243518502263254219
15114646634241782156
362505965335292535
17540088071564905012
17487858113259203326
4531859074910034518
3033367188802210562
782537185798815157
8068210000651349630
15705287941406897284
8881333185620997174
9888792010025659942
12956521797835544696
18382302836713714895
11446586494331347100
11712060955079574122
12120305482609336654
17308855228264406960
17379983937132554830
16459278464741470596
4531862012814967468
4252593052116597956
14681724746482079364
12014304196380341091
4246044891517611516
6609984188490322224
3608843509802972732
9661109070961453249
1619916324885250663
16464330182007119419
12509044837835118128
13344206561532769098
9006613202379522806
695925296954503944
10140941880639139089
6127069491025326514
4032151098431971889
3652986896427165905
15278923087896206308
4053028505094260937
16610791515560167846
17127240917221163878
12771161872043736689
15514063150004636952
18236081078484165518
14626972611324991422
10946221614402935741
11288270844567587709
4737896366865950896
13306385229695184311
15620913593190455262
16157517037972481990
17200585648257920408
2409253018220101303
11376713340968307681
18178604579654884989
5505740252223810242
13184939311109364162
16777729900851658536
16574118553391701944
5413798586377314723
11261952914020122763
14702898776362630867
7108296483492083469
6628283841193117472
10309955713791631988
16996619902729668758
2299122132100305851
1310645966414431332
11656837454846917925
5309528417014435662
4360218323966828218
11498167593110098167
12538407750379110473
4768827305413287414
12988059286613101869
15751467970783195944
7543301789760008527
15411473027616192365
3433552262197455331
11206007343650212513
13569828774868680397
1250671145106063070
11427802907813156951
9139104248362068515
4382970801799795152
10041951346926441913
4352603716300913509
4529190900059744461
10719281038708540035
17694814569420285109
2781138108562817257
10168600230705507023
6044570779502708440
7658107288173223160
11787396243448956590
9848620543720037540
3738779247477168857
6205677174912819259
7453291993608887067
15922663036934695531
15989897086589584662
14898908638487900568
5807272169422065124
9188282377739797387
17338630394168476834
12045054681021094882
18115738964210967925
969401474359879180
9777448450799267480
11354847770989339
6556715353491890531
10140226487850111549
5213963675621540827
260710308362888333
7605760797914301546
14496572506112071308
16499890556319323843
12420138270466481031
7063423461590309838
7184061083998911337
17750898985845971782
17978232376901276888
7045976629283423232
10274513758025264275
9418343212727482791
6872235599185077014
4649469036291455741
12148891325687095755
16723369513576731485
2514570655982924699
15899457756282770387
13962869757434563652
8005460327221171092
7987795987020460771
852844750180919049
14347488347785038583
682888000999528171
2208732273674288292
3266016654726618069
9488182780162475311
7636873706511026838
13491506678499336492
16231342348493077412
4195011465803311594
4511804551625558648
10744497117725030029
1209630817286989856
7031674400019930
14663379965942839254
16877555009165930174
12140750612054010591
15850956327301012534
15577961317270746524
13781208446221311457
17562901109631482696
6171012296337175089
4535323615129614910
1600856086657332912
14109877271236540229
13142703835383314537
6961828944485988796
16473965863403287118
7091488339948787648
9480691197980688579
2764204247273830522
2705540238471113704
16573789695643624760
12284342556842106139
13234100420944279832
18292287930943951602
11444010000188625275
15113432404352677004
11000159552846616355
12817772498779380195
8662548325703152650
16428195342498341266
199748931914240108
1250730321642497937
8539244146614062183
16837959607013590846
7113798063603759133
9905003634148060053
8195098854677887378
8059235659181884382
6848739063159805698
17991881432109734789
7017561790855817799
6084964255295308141
11962332573966127838
6746147250706440480
15630591032259595494
5064139215092634916
3059524717742713450
10908415795942341613
2209559854943910081
7036111543207713415
11389715875711283033
9550736315498489040
5738483617568911172
7199258791510582161
6612891445193390673
17762494279452321159
8848899983423736116
18122046602188465465
6388721171160304265
13798134909103610975
6490399547761105306
6652773398761672171
12505649366900399695
3834668518273575197
3597375626051502454
11470099811237710214
8868652561896344727
690607407386951100
3160499362504147140
7649738981992162141
14697172046435344803
686214502371308500
17369272598019449138
3848559054673223636
790199966303485254
16122615427736475000
5703935219453270612
17006007907349044306
3480516606515498236
15301437371749870271
13180406707597598735
13197855862092403818
440535761527124853
1245343308859034435
6490498067865019917
5587800004597882622
15141544337538751216
1671115320206374115
3139174486665085181
3791946108455480689
2794086846606730507
12239587049175032194
13728607329201739303
15948308147690892572
14810071150879392925
10206779410656900453
11287872475159578866
6383371920612167924
2030675580596975559
2039285897017368332
379787328023031326
17188114690585996088
2994922448983068587
1415273609188191568
6604796087598011802
7286601080486399929
16265799418673847593
17454322549310100676
13651089886402239542
11243188916957904848
9225116577247926532
116324578684430680
212582575814550018
5472422262998439885
5910038880444568109
2620367748820124594
9648879744987553303
11830844072663789055
12697361508411423100
11032726243216894829
1150542094378177574
5293851953298049212
15443817518108691649
143053040211479458
11717138682176549809
3825601603734587581
1930424350933630755
8678606593459705910
11665664766406358211
13670384819006753877
8797978795659839078
15553680275355756642
3575646524035248413
14116044261749648872
6478203482914786324
12626070620622741433
17246520968918284291
12468310455221001328
4918254201289955024
13766830326556211724
17750561228933071606
5342025222203412927
8720352795158302040
3026175787814835403
5189261312627063088
7134605306467661045
13873159652093343058
12744951091198565659
13564550144358933022
7209677196120093121
8044394300158899526
12376962600238788535
13185842079936115252
5130560886770473827
16567615703899958142
11244046512021467132
16020211888554641526
13275282514338439835
7222588339461500280
387000829478400967
16214064842640662646
6779582324034001462
12790032371958979310
9390427412452251376
7580076792176142094
10250128810820602544
11970364484174202195
4906079469299926467
6758753539265438482
7777626260790843190
4469954518452211627
6000541441751207256
16780755961549118788
2116906026587282189
2834610634148210932
13687513864040125049
14924694553891140113
16871465913516365714
8967901286199286379
11892207595508713421
3874916044889300012
7220671820190018520
15347072505426332363
15235514569790097787
11206093887002184619
14378504398057723798
15576498336667643345
3430043176917214506
4634339318371114081
7465431016930711631
17736623689542681595
3355987355677834179
15629882642619384855
16726782027500722765
11818800170960648216
14494315360199545365
7722298224230584560
3372683846409265018
15339937735257600299
2021926221850120509
174620414062507574
10808428515951160661
15682573987934266848
10534712818193912478
495747194363596765
14319530244829862157
8816218321886360024
16965066958222742091
17905748979401216933
7707073849059451251
8267144788230996973
17272047580702268410
5394431790369528825
7425539055448737050
10821834328263156346
13638107394345200826
4842333011349205866
11676051952925503786
15328369747455842938
15700364447164460166
11826827769817334924
11428017446507989611
12737549212551733658
15029843904772986818
16583440675621336780
8544755656491738545
11115707602813597058
16526508724854093639
3185933469666810900
8042689350471199357
8211308650743939722
3468336837890446149
8249639362393208308
7356917635226524547
12347542534191147754
14245907168515236131
5935062616713822722
2517903382841218378
9475335175498334265
8477894105871452072
15300528430553393850
6232509132873313329
145400132723393517
7996094572852929680
2785079605525892043
13378820734847922279
11759890050853072571
15936431366766749887
7757841749267380948
6589164629816271125
9473944854776197763
15680809470327216077
12840555385961369075
1001429458800461696
11883739732307981776
1156272359374416540
9422041253524749959
9309592923809005092
16006064488743864835
3328281180691983621
4586145884074611394
14054179719444135009
5581965954404630855
17967078181223060393
8591488307388917547
12930385229069441935
495870661895220207
11962365679794631094
8006436361776671834
3640673535381900534
15324911107716246851
9565727205149506672
5565677821858957937
11012327663527855048
16722550820250378214
12793488017077752761
14144400521111543106
7093771290966515374
10469879505778064269
2746193710708489885
1771538027114335223
13705317579522519326
12387168734734576194
12902880399720433846
16128511220194774251
6715383227665399146
16521932739553594461
552300156076402975
7177543263753243998
5215210103147094293
18327181207744297441
1119698118995370987
10139697730087564899
1317408320453076211
13309831462048690090
17203632615261022827
16138338168787856594
13347192864676298790
8372735055789286327
15918385034690647809
7323793066329790161
7431397669828447918
4524463203616789016
2011226421322901974
4091933535222343559
13754503410199598504
16419555224411448554
5452251255487908051
16455550426680676394
16095702228919583697
6713782714027384649
13580104159076741695
8272841359376371701
3329476362072799067
9969098900959751926
6444797123889383125
3075878025582832536
16911926934032076536
12974545124069004261
9418126016092333068
17749753044810854160
13082213454921887791
5570925625576314603
15962560499539415197
14917066347235686076
2711125142944942779
3145153022122566665
12271287999956593396
6387253312055915633
14196865147657029900
14939958049415864383
3108378493811217615
13031204474036505021
552791564249881509
14839232996731223867
5213859194345479442
1551675038874576953
8433915639254935075
10154285454252455742
9604659667871657404
16420534937727031168
14515483026670536540
3485915190900548228
14572324503189748451
12887276623268906667
8310042416204420029
6101877361207083590
11835746166977602511
16901071363766116465
7442047855203560115
7165987648746711072
7647058724173899758
9308452270213783531
14890320489140461422
18120244902589879045
16545950899727581537
1389566516807122554
13490690782685757499
12421720358089003152
12900936506215146414
9841688485295765258
784890863836815262
1800900638852741902
8289504083031622792
6541421832123054666
11286983633055282838
7614274766177935932
5253274191809529387
3566309237157197980
3009221249973888511
1442757590524059330
14518027128312255568
17994163086147979724
3179770843943463629
11671766938619246239
9799317646744074176
9500589081623153241
6744496976941966945
5753876764001875489
10343993736910458501
5689632020291680767
9741650279370044737
6448293024554512524
2106178336929391913
6976757999929898403
4395694260343824907
1662815319222155078
5695183597990099772
489082287527604830
8345086724896592385
13584551670300090392
515662206369763286
1383119027853886975
7100717852816999865
7513487373215511858
6452613789183240022
5321174366304478178
17289708990687911767
10782771702264298023
3373651950275155566
3290611633012585539
13690056056928942680
12113813382402985374
15373428114531060486
15055422903373870033
18248322989103645641
2112155071905582129
16054286053653536511
2782687255262865696
1386807051723340921
5064347683814670862
5540145299942526180
16196588631622818819
6060200506325048200
8296129114500243818
297224214531194239
16765510073418561001
2374973838577004002
11906381969896873294
16004159020649957386
1924176013729898022
2334575411187343442
4650728104126207567
6470974332703649052
9408923625724288260
12434036007710459657
7811417508544108483
8170775537733395427
8160585044542106973
7666577663320512418
3103210127377630098
12368295406728530580
12667953856237884720
10881010282908991114
13485105732339982050
4320457636506379555
15969693349676669203
8760738458944434354
14673950870813674018
9829440256420546857
17981714675460133460
15317043301738659967
8967627915537396275
4553215211987515542
12838448009234188079
15977219732570479801
15766759635372912350
6901325624236512201
10476618018918635273
4011419580355291516
512487870533016594
3166285228584014197
14270304376710031526
3062640334611037942
8796565906678078242
1506994299851767509
3160538503023524903
13445778752563284299
3874576123996837963
6248873020419397786
18166681922114730953
5287311486108714214
16489118262051248318
1576331413170827414
17162133674155585610
16143407411850514198
3993413888797702658
14669101039072561681
6493220347013164079
11703545439552933836
7855767324089984643
615913443943889803
3854651348449583186
3579446888478341948
16469988522737265978
5797160484247804710
11228551619947474881
9054651912218527754
15576532508408674253
7876008292204682405
8922080910274391617
7043678060604473277
12698500769937798429
8744251777840788663
14459007838312488672
14340458237733127931
17732399831607129902
2706656016055387685
1886889876222191183
11703271037762245741
10763773067212905450
7350564012130738024
9461230530429495873
17445862784702445250
127179433364983756
13253522967270875183
9418554694569194214
14707531782241183161
2479662254617049251
11860908904920726516
2625631818048462188
14734072911425306668
17218488083822042861
11624130394685716688
2343946843720113911
11992988168616812284
17798919973504688527
323638047536277587
7931071157372076869
7500410056330465846
6970139394842653290
10949587282662565607
10567984018942849324
18372983800251956366
5428918083826896761
10059685855475953488
1657611655606178485
3615529167202570213
8310463032033444659
11654483097268026811
4511402466785030695
8313392796341748095
8209067288690316340
1991370791642950049
5615494977655859321
11536153995170239820
5784378574435078992
17490372315861930509
6791803621225669607
8734161609230066104
8177282374552486895
15983601419802845337
5257024578087104594
3933138323510887090
2287711786069639943
15086155221554253922
10254958905542646181
13651422461989095375
7149727623852746418
16781831056220697666
7272083529969708573
8564578982365167720
4813993798365210177
257043022769687301
3973093147873545261
8005406413697768245
13560474509919812535
2315669179632588991
12819458883065170022
6803768404742373819
17177668452928828234
10693029206250162628
16643837407583770126
2490369125862040041
3294484679023235411
16812047778807135374
16639713966679966973
10268434123756353558
12426432430891334140
12330911512876938301
18441146581563174431
17926367617327657877
17567088119855221901
16765110457191892789
2565254506738552639
14415970739537936278
3105972390781668786
17556368506842050078
10027785933858177650
17957766828464393333
17601102160388279864
14613000518977930655
12738325058717120251
16478156860525087807
10099295851872336536
2035843329954884792
4148912611100949435
6849235067248724889
2022820903700109953
16737892790776853950
9712801119921059397
70293657663245093
3796361758532581096
4524937714578582905
3965447600575956763
16560497665763333152
2412026971564535719
16083164291220634081
7629119515081123494
11079703615582555250
11974963342831896545
9384541822143695961
17873539766431724407
7379137038839598599
16446064410070192677
831455695605992633
9634885740849395643
6066412518740703836
7424227832513826640
11376799129642450774
6741518050776744456
7548632853849040264
1920788334553194080
689332780285694496
1395715571074863795
8602320835127697649
11037135288157206176
