10001271397364161283
10007392562501418082
10011686021255615588
10012169312020665223
1001429458800461696
10018785202159646738
10024197960585505869
10027785933858177650
10028684642870425520
10041951346926441913
10047105731762096117
10053281076566613465
10059685855475953488
10063202653459154945
10080499658763420852
10081977310918407280
1008504180415618980
10086050707575118530
10088302586433192768
10093284588574736831
10095742712252477676
10099295851872336536
10099899733485516211
101006887744596081
10101057571038477784
10102211508535914448
10103624178113461911
10105419985257490556
10108167197469023923
10111766253532490809
10115752460001271767
10117899209476808313
10130268256518095078
10134214114445333045
10137197013264366296
10139697730087564899
10140226487850111549
10140941880639139089
10141941018845822209
10143955374413763464
10145826903283953683
10154285454252455742
10163777247254416740
10165588045723071468
10168600230705507023
10182778457050501419
10186690229874484384
10188384668042447201
10188640817937098529
10201008419318556819
10206033286145387201
10206779410656900453
1020832848022740688
10209234651597807645
10210853736086217796
1021542674058295132
10215956467874786486
1021656960124713433
10217482634906581961
10223164963441332012
10228105177957011546
10235897100051374604
10241588029655783257
10245957481896765095
10250128810820602544
10250177205748303064
10254482429189521253
10254958905542646181
10264311342288445824
10266439170648051624
10268434123756353558
10274513758025264275
1028330061441252895
10286826164907808813
10286844650709392135
10287898542310365733
10296938098650929539
10297888401926338413
10302690291430824724
10303130436332572307
10308753173430933494
10309955713791631988
10332262259960658049
10335274556145242745
10337811289071166928
10339166645598498191
10343993736910458501
10348683481900199705
1035094944199025254
10355389659818991678
10359702980448544582
10362392297287232662
1036716295879802687
1037206807192157483
10374587507109366508
10377453623310187923
10378514110609444149
10382726961063982585
10388006620928966309
10394290368090633366
10397791515897804619
10403762473690383015
10414191815828987708
10414520940739478411
1043401221933907614
10435592333334810322
10438282750693984377
1044076480651942415
10445223175731244641
10450263612273664665
10450757499409975907
10454219149498695495
10458362611243084575
10461793714103479291
10466489488100084632
10469879505778064269
10472560426037176163
10476393900939329872
10476618018918635273
10479982802191878389
10488537834651115788
10489000565470986559
1049070921167711391
10493344884665839395
10511025938030403448
10518779334755425969
1052243084708385650
10524936147364539235
10525073600853706103
1052750400458310706
10527853580127375982
10530353232739291212
10534712818193912478
10535638585698835785
10547517324450407950
10548297727640844199
1054967740579688850
10567227957479640938
10567984018942849324
10568599636848433505
10575838266959949642
10579948834896864375
10583341566790448302
10601223677559860242
10602952377706051378
10607730957949360610
10615009926285205310
10623018916693079514
10633103820676157093
1063352913961348776
10646471260625460152
10652986229887409351
1065687642719914312
10661572703136105086
10663861542191543979
10671377830726596660
10672498909201657776
10678058922148298666
10678064718503407065
10691929381458407333
10693029206250162628
10693841648008585667
10698052598921557493
10701746416403776714
10716566602119965392
10719281038708540035
107211344821543407
10721233889232313996
10723976291526178824
10724274769981261198
10725512344173385271
10728292307964090780
10736305565772595519
10742923767813100883
10744497117725030029
10756000219350063722
10763773067212905450
10772578446124395790
1077265228280191410
10781274167229957324
10782771702264298023
10783504918684164215
10790041053542314879
10794814987934183181
10796735428274065674
10797656139858346072
10800446430507707406
10808428515951160661
10812083532919165853
10821834328263156346
1082284127686966401
1082330631466801143
10826030059074174935
10847201771036825085
10851015441494021385
10854520394710847598
10863756709947576011
10864838781841595406
10867950578158237495
10873604670489551778
10881010282908991114
10882538406524705428
10886840599586824788
10887109097958069493
10887594323066391663
10889947006379665275
10891776983964720264
10892795023470814161
10895094065824009875
10901669035725156850
10902299443282549025
10907294420346151045
10908415795942341613
10908808482717071318
10909095384386774653
10911328266449989860
10911942314887827335
10916300916217314846
10923020215751429439
10926566015550216563
10928570674794632829
10930218176058738297
10933011632837565096
10935195089486804550
10935530909166317006
10938138284774761481
10941678347608291851
10943535022342376655
10946221614402935741
10949587282662565607
10950259161034805447
10962737001346545633
1097749269064716178
10977622480277088981
10979958826010173349
10994878743785637625
10995830165843557408
11000159552846616355
11012327663527855048
11013541487743542273
11014245276696202505
11017374511711123429
11018058342563609575
11028489208641171825
11030636858517811078
11032726243216894829
11036403490964606976
11037135288157206176
11039232218727147145
1103964332893576122
11041787282313991035
11044888996361989376
11048322567604572193
11050722156336970186
1106223259167675713
11063001316649903031
1107112373416068176
11076806526225732130
11078232193844233795
11079703615582555250
11086316902110085043
11087188094277889085
11088547593695007799
11093441310456921852
1110160352198118624
11104764697684929327
11108546386929182828
11115707602813597058
11117495769574442827
11119079212541110410
11122065616477722030
1112709556445007755
11127124506642116988
1112997365177449110
11139206635336315813
11143924428964271793
1115591761013627087
11161976375578805952
11168594755049794636
11169917641906582431
11176356895963784832
11178206051537726981
11190435198879904502
1119698118995370987
11198254230691475860
11200952450455133197
11206007343650212513
11206093887002184619
11210951912287082183
11226502546870014228
11228551619947474881
11231273623012835167
11237982225244468454
11238136217273828823
11243188916957904848
11244046512021467132
11257870656705538526
11259842289061171263
11261952914020122763
1126342909007902245
11264739053304179563
11274057806231997601
11275629988039854599
11276023853017335624
11282707481247883172
11286983633055282838
11287872475159578866
11288270844567587709
11292846864141808905
11301669225312979941
11302637677363458570
11304876355988152683
11311530788501740942
11318422014974260964
11320552879556074044
11325372229913258595
11328174465027861923
11333359485809537165
11334373756391093903
11336567584972128960
11336608385866219685
11341942891639644775
11344866914199644029
11349745755405470226
11354847770989339
11360019651766195086
11372255124647641241
11372574241449783212
11376713340968307681
11376799129642450774
11378785054716280888
11379117420373190865
1138279556659971444
11385357886413911255
11388204798848506526
11388692173183188260
11389271698552088268
11389715875711283033
11392869149346632714
11402884816800283893
11407911447063276320
11412462576313444586
11417721699495105583
1142283104113954953
11424377497059263613
11427802907813156951
11428017446507989611
11431622817331964116
11432435724896265287
11432872940859612666
11433484203258000307
11434309766424550102
11435550930285059605
1143594088591445777
11438165604449824450
11439622989823314095
11443127197667163118
11444010000188625275
11445230747179475883
11446586494331347100
11451256111629976198
11452337373045496098
11454786721740155708
11456963732040285962
11457204050717699419
11463983635503465750
11470099811237710214
11475253005746400377
11487215868146418540
11488379570016551528
11489958247451564320
11496073298576803021
11498167593110098167
11500771787956751876
1150542094378177574
11510641776680049338
11512683581240386590
11519820363379745586
11523610964030443625
11523819931062885558
1152624169162525863
11536153995170239820
11536412240965574003
11540752984106689805
11541918313608523402
11543273376743816954
11543280055019761984
11549893656852748792
11551268183603010195
1156272359374416540
11568556497854802893
1157216443671063355
11577101898054180211
11579567924002935649
11582767779890542782
11582842964220470997
1158336118947044212
11583438335219571889
11584182034791645571
1158994642961366073
11590994877438224227
11592544502118939305
11592803520599128142
11594341012223264156
11597889426754268677
11606098657836088554
11606794879414704578
11610828732285124295
11618064383381519537
11624130394685716688
11625977265208097410
11628720503339929036
11631370171469774940
116324578684430680
11632616220568848938
11633052160589058293
11633317579791901899
11636741231179782914
11639309281555954309
11640672846223823996
11642551968299041224
11645346532337719030
11654483097268026811
11656837454846917925
11659706862929809116
11663363186880032582
11663463451239397573
11665664766406358211
11671766938619246239
11676051952925503786
11677740967176497302
11680272829599132235
11689124275077056131
11689679235468637298
1169631098962529613
11702209336401282457
11703271037762245741
11703545439552933836
1170431742060564500
1170526366917199606
11707504654098525188
11712060955079574122
11712805286031060214
11713067455614932769
11716192573704911704
11716852796250249898
11717138682176549809
11731606972187784394
11732041788846718632
11734516450544188203
11735575860390032127
11745543703387335576
11752028818727227299
11752100995760220192
11755486246123424947
11759890050853072571
11762212248531266316
11764533601146226064
11764961280791232459
11775870910698768123
11776057257631214319
11776843317375095936
11777102766722941846
11780723818066945420
11781048111297654379
11787396243448956590
11789436867665472373
11792031122446094596
11799145041322835488
11807437086378661000
11810442924443733939
11817229695890605544
11818800170960648216
11820616324530178534
11824204134445740914
11824215279450762441
11825604366848052537
11826827769817334924
11830844072663789055
11835501207263046304
11835746166977602511
11848797788171780266
11853265967962784493
11860908904920726516
11871667158335437876
11873295873040572819
11876417747556294222
11876630082977571958
1187767653734962270
11881380830402056132
11882643242101794978
11883739732307981776
11888247809423537275
11892207595508713421
11898411050757074098
11903800906802600228
11906381969896873294
1191177067557061365
11925369914104555708
11931495475423802603
11935069717671771216
11937731837224381974
11938241675258438761
11942926636724427611
11953259825905331847
11955789020566091335
11962332573966127838
11962365679794631094
11963683622389211229
11966428240013617086
1196917421056528743
11970364484174202195
11974963342831896545
11978053157482725946
11980015163001877818
11982757878335424011
11982959369692754353
119896652802339891
11992988168616812284
11997425622652213219
11998081695229218342
12001561786695026184
12014304196380341091
12020056016162446764
12028861662257856549
12045054681021094882
12051284048764092229
1205720867641489967
12062725157301618200
12063691991418770083
12068675988559333045
12069758601484124043
12070086428645473144
12080634412209177547
1208186205155938902
12082352252054140593
12084523740570738460
12092364444533904776
1209630817286989856
12107960973828753720
12111819865810029026
1211298988735379728
12113813382402985374
12120305482609336654
12125244558449773346
12134455245154973838
12140076226641285960
12140750612054010591
12148891325687095755
12160552713143582414
12161577615108806458
12183241822209784131
12192703852063862730
12198573004170736916
12203070243704528526
12205009269440868513
12213439652260059695
1221786216107288644
12234639028084025686
12239587049175032194
12241140376197312493
12244565712024392819
12245043234333838573
12246534283387011223
12249125046420067477
12253749500329184171
12253775856020416138
12266068208731997252
12271287999956593396
122725149972226462
12280202396257621123
12281327152086958466
12282616011104502784
12284342556842106139
12285834011586277720
12286592865443340712
12290394489703177669
1230434049085793658
12306345839544301377
12306832884275722309
12315625151935435435
12319309129575446652
12322908155126724541
12323287892885246593
12330911512876938301
12331319242651835896
12335376269000670222
12337818539143723395
12338471447782620884
1233922973740164735
12342450245546735429
1234374138998763501
12347542534191147754
12347600949610932352
12359835038514543960
12360089024867263436
12364445740950559393
12368295406728530580
12370149489101993810
12375263587697962443
1237618349007085702
12376348958293538287
12376962600238788535
12377089271862101942
12386452466886520580
12387168734734576194
12388944349483676512
12392819447019666288
12393779173631726404
12395295348681512647
12397166532906090522
1240459604480939471
12414555310024609006
12416865573849432530
12420138270466481031
12421720358089003152
12426226026681637587
12426432430891334140
1243391711575888206
12434036007710459657
12434475084736234962
12437702982423659555
12444179927940821172
12449017327076188942
12450786198802882068
1245343308859034435
12458045520300501323
12458101081996564734
12460108566898019258
12462714169190065505
12465871331808511467
12468310455221001328
12471570290795714889
12475268540061262384
12487884734481832792
12502746682200293584
12503031015547682593
12503918804878881322
12505649366900399695
1250671145106063070
1250730321642497937
12509044837835118128
1251064489379988174
12518261760467454615
1252264320250092597
12528225220495315969
12528870075381948776
1253331753770314704
12534849102136960133
1253602344439981518
12538407750379110473
12542887190938022394
12549046098864069951
12561689717608285865
12564534000329473610
12583005579080879285
12583273145866553408
12593331537160427520
12600976184535684582
126095846002677384
12613435980601722494
1261983188202060164
12620109711876644408
12620994327133193623
12624470067216912946
12626070620622741433
12629578454086888453
12639262707849677055
12643574343455454531
12645131240834565859
12665220834918139076
12666660000264682686
12667953856237884720
12671117223130826648
12674618250130805099
12676375639084026911
12691891425021316884
12697361508411423100
12698500769937798429
12700561264751338258
12709723394815054331
127179433364983756
12737549212551733658
12738325058717120251
12744204252992646340
12744951091198565659
1274857528834559477
12757994908042118132
12766553818536380128
12768102797658242844
12771161872043736689
12779335784364625639
12781485848118652420
12784733600656495898
12785048273227574005
12790032371958979310
12793488017077752761
12805111632557132259
12808427711111788106
12809260394827487408
12812036583003915685
1281343919677211518
12817772498779380195
12819458883065170022
12820663620240534394
12838448009234188079
12840466703302698075
12840555385961369075
12844661627350599659
12848462914867731249
12848732383288113339
12850598832562074091
12857367768495494799
12879298244789521023
12887276623268906667
12888536635756668151
12894808440903858778
12897163729109542655
12898992065601505678
12899456073076285087
12900936506215146414
12902880399720433846
12903578025274798290
12909100161122289908
12916841613120568894
12928068732913319551
12930385229069441935
12930919697234632051
12931340050729596889
12947188451538694651
12947980739662668616
12950030947950185024
12956521797835544696
1295983199314052946
12974328809933494005
12974545124069004261
12979999055441040388
1298683371686264559
12988059286613101869
12988753835037064925
12989406430924650855
13006265214399333334
13007736689271108629
13009895457391412266
13014145058749143694
13014234243782102091
13014780044259888292
13015133237554173432
13016142661977140171
13016911688298098885
13023270718209871833
13031204474036505021
13036005239775579366
13040773420166051682
13052193304731972898
13054984209797839446
13060202458002832577
13061205167533098
13076063425852981151
13080242094583279238
13082213454921887791
13082384938793777557
13082675676654714301
13087627083233769746
13096898969475025283
13102874559235290839
13105793361397556896
13106313631785353482
1310645966414431332
13116717696420154574
13127139792955618157
13139984610107760725
13140251636996941101
13142703835383314537
13149941524881226167
13151736723781216885
13165433161437812136
1317408320453076211
13175129482073206548
13175936468774777356
13176822500754658607
13180308035745596138
13180406707597598735
131808121559120061
13184939311109364162
13185842079936115252
1318689301727099968
13192068209888363164
13194426465314941272
13197837417998892742
13197855862092403818
13198305185353958128
13207527430841357173
13220349672841149611
13221067403300583512
13222074131764964977
1322572170243873839
13230122856115193594
13234100420944279832
13237207639969645841
13253522967270875183
13256180551686749302
13258393867165766550
13263971149222088481
13265467422857381535
13267322206416250366
13271239451407177739
13275282514338439835
13280832853201251661
13281626458412468149
13285144158018692244
13288452434266620723
13289220256588986603
13292042047938033471
13294023237474248518
13296355017828561404
13297823694505483671
13305683311548387796
13306385229695184311
13309831462048690090
13310548234886044122
13322835230169233704
13326355542557692076
13329027373735121309
13334235867588014544
13336781369291381922
13344206561532769098
13347192864676298790
13347843822509230958
13356776758072378078
13365328308135947434
13372438130371529730
13378820734847922279
13382679255485574068
13386229960950202026
13388623605413921829
13396802586316371569
13402585800073497156
13413301941792396382
13416223444338019464
13423644384374572706
13426608657034969739
13431690909071525131
13433237761172044924
13438464606017485377
13441866848482175244
13442562362969800133
13445778752563284299
13449724218932522131
13453088131564839212
13456141864829968254
13463059157089840428
1347402313882662506
13475757952641354611
13477953825794492924
13485105732339982050
13488150044366064982
1348923801155406122
13490690782685757499
13491506678499336492
13500358548777048212
13501193412418452238
13508934020931291105
13516058194511979939
1352391730355211805
13534140709358150457
13542265900944253321
13543730739070805834
13547125186216063926
13548576791032140895
13549011422240549799
1355547075646710014
13556846318896064961
13559003073634985921
13560474509919812535
13561108525440821874
13564550144358933022
13569828774868680397
13571031276562218742
13571710659360356562
13576287807201141733
13580104159076741695
13584551670300090392
13591067927252190843
13591069270730156750
13591498813623075275
13597192855320396925
13636707603182089795
13637952890994801428
13638107394345200826
13643607258707835275
13650264818456488761
13651089886402239542
13651422461989095375
13654383724339332918
13670384819006753877
13670455780679351900
13672386047670102108
1367415197735364908
13674167041396839084
13681780730654760966
13683432076000414413
13684403880040127580
13685947430775008152
13687513864040125049
1368879483498702337
13688968709982830614
13690056056928942680
1369158211423634635
13702388051809066306
13705317579522519326
1371276053838523488
13720530448787496119
13721879837634984955
13722538422014302122
13723262392545263603
13724044405886479614
13725706328857502323
13728607329201739303
13729981907196503394
13732836510701588631
13736565706013792922
13748059759790585364
13750134524873753591
13754503410199598504
13761163010712847527
13762753323760513757
13766830326556211724
13770805593268887008
13781208446221311457
13782328831431305221
13786975022697289946
13792096895913529965
13797990054721292303
13798134909103610975
1380369041220053709
13814620620228001868
1383119027853886975
13832518488383324332
13835952258583392274
13838674978056055601
13855765128574461269
13856611825886684702
13858611246652110489
1386807051723340921
1387292503187130310
13872933299204247867
13873159652093343058
13877686549355020638
13881916011954952921
1389566516807122554
13911556769480078216
13926112466270049544
13927313295033404370
13928092428875735713
13930457966499472465
13933322548557044136
13937290957086014967
13943961078591206506
13947499814637509806
13948651793082374365
13950916396372996375
1395129481257675287
1395715571074863795
13962869757434563652
13971576484906902086
13972504789729350623
13977229533188059499
13983970194381105363
13987680496081131892
14000225261908431876
14012353200461778276
14025273037796580179
14038165007473015548
14042880984620744025
14054179719444135009
14063978158196834824
14069102570511110472
14079834408806292121
14082152555901748929
14083075145146706578
14085841178136517090
14108075482792466534
14109877271236540229
14116044261749648872
14134204593170194032
14134934948898756065
14137748821099969516
14143769063731747894
14144400521111543106
14147517794946418737
14148182766065567247
14150560150904314114
1415273609188191568
14156276126338474599
14159955293887284132
14160967599620780357
14163433344123288864
14172213843881974706
14178936916899081793
14179118684207954426
14182831472295482827
14189342450855440142
14190050661449641574
14191705794143641981
14192443997463365842
14194116883130088917
14196321142364828609
14196865147657029900
14199205457046594051
14204686169727429409
14214944047533696887
14228799232558361991
14232928310690444677
14244459430928772747
14244498124814789563
14245907168515236131
14248426719743208111
14249079567228066139
14251376584601400255
14266179993938012197
14266487770165425354
14270304376710031526
14283210623295331765
14284122963708280284
14290185470728314754
14295782496518595293
14303594462007858996
143053040211479458
14319530244829862157
14327483171472591737
14328135453244893244
14340458237733127931
14345548264665298642
14345896248267171825
1434682450134844894
14347488347785038583
14349716261469445994
14351117201499715177
14353066556074848024
14355387120613990885
14356839139288036162
1435857779405580691
14374401229535406218
14374837679677140571
14375068717218580175
1437557442610103652
14378504398057723798
14382526225681704585
14389584764758902346
14391790311361572572
14396029294858954059
1439868067911706623
14404261860304296496
14408005418634497529
14412055843219052173
14415970739537936278
14416565206090572507
14417176374192979874
1442757590524059330
1443549332785596621
14445202999255264595
14449834904275647025
14455533998081798324
1445675067889421376
14456810450482392808
14459007838312488672
14462837560981601782
14478010107261882355
1447934343494897264
14483562821967803391
14489366489537930487
14493184062229293646
14494315360199545365
14496572506112071308
14498108277701479248
14502380825844221697
14511040336735293740
14515483026670536540
14518027128312255568
14519035027842428753
14520664817825398163
145272051000495429
14531358408875215812
14538637692947049030
145400132723393517
14541784044618821920
14547605402476916191
14547776106968982431
14549571263568720021
14554889448448695097
14556612959489158487
14572282900600379690
14572324503189748451
14579125285047595488
14585038922562477888
14585696273678379050
14593454689769998870
14598826051883680422
14601767528032579499
14609907363705087063
14613000518977930655
14615761404965342311
14616572754399208438
14617393160417041597
14623187549355233552
14626972611324991422
14628423211379123362
1463549787865442921
14651721520454569046
14651760700039046745
14652904362547006159
14657438275668695497
14659472310170984197
14659896748791360865
14660729089200197840
1466074489434724038
14663379965942839254
14669101039072561681
14673950870813674018
14676453452610266156
1467751835130559377
14680085450172992761
14681724746482079364
14695906491879898692
14697172046435344803
14698139364886239842
14701265521957207646
14702074234708606281
14702832065548652058
14702898776362630867
14707531782241183161
14707843820664310211
14716273770500055389
14734072911425306668
14734662700399037025
14751342606587222126
1475649066059514774
14756527355680075150
14758690740089934783
14761211505487045039
14781252951603596963
14790508825825926441
14796530220124203517
14796584998496865259
14798603331630678352
14803821601698234711
14804411022786080507
14805711997731075029
14808743469758924609
14809697622246136509
14810071150879392925
14813261725205650215
14815000136684497961
148157946099571
14817636032842925616
14818051621484076263
14821582355119547992
14828459324975665342
14833772628443124725
14837964673188783554
14839232996731223867
14841421323027156424
14841743776438527265
14853900231571191629
14857104002323406836
14858487982765579034
14862473954927589102
14864630733362629858
14865383051012873864
14876374828900841375
14877902388592304209
14881803963204767047
14890320489140461422
14892774395754176521
14893846990839476547
14898772454018051595
14898908638487900568
1490043715268168121
14902782523079586739
14912250470916950185
14917066347235686076
14924694553891140113
14933446569298039542
14939958049415864383
14945817304372928565
14949304089088181638
14949596349600070810
14953670980295455901
14954288969352142413
14954726909902953504
14965488024015973095
14970725462512485185
14971190300117942415
14971374636541193899
14973701827605058052
14981683663479532900
14985734030474560951
14992590406983396624
14994582822163518767
1500243656542885826
15017754960710171844
15023296254623178941
15027871095321120691
15029843904772986818
15033709731542366943
15035334540657529343
15035628184639763828
15052431759458528224
15055422903373870033
15061243976288462115
1506994299851767509
15081010468853411844
15086155221554253922
15092019610678988758
1509237677136823892
15092764412052558232
15096068111515493591
15101155853676764909
15103542446798193452
15110580131312447305
15111364692733113259
15113432404352677004
15114646634241782156
15124042267665149208
15132916046429837287
15137661977675502855
15140789833100140171
15141544337538751216
15143146861661298374
1514581781470688957
15148100658052760279
1515025501004916574
15150678027926145859
15161148415838182821
15163723955222978072
15165418263539803725
15165657235743440064
1516687897776244795
15172755098447931930
15174116406352847545
15177378010934461755
15177573750198547873
15178425888228024107
15178758916392082813
15180773152505651490
15199304906632663930
152032728879993767
15205351883189240228
15207899238223006525
15213987560151013688
15215018119147360597
15218151857142668535
15218249818264161234
15229584786053991370
15235514569790097787
15239085647536811667
15241214171188669041
15241559876792716605
15245452529877498416
15247675917701219733
15255911943218123257
15256372547530120379
15256932447028672598
1526763719554624610
15271422263171502366
15278923087896206308
1527902520943517078
15282554511118852063
15286881999445586474
1529453503995717144
15298190989346658247
15300528430553393850
15301437371749870271
1530242102483770511
15304093591831042721
15310280177962184595
1531381232994489801
15317043301738659967
15324154237959008563
15324308919706421265
15324911107716246851
15328016225753298729
15328369747455842938
15330412125532831945
15334574687233324237
15338090790115977864
15339937735257600299
15340638240642099569
15340702736362944096
15341821637642172133
15343057104345600613
15344027606067010590
15344463851685244052
15347072505426332363
15348269028278433894
15355900183150111180
15363950738441858194
15366480914833506516
15371360138742685567
15373428114531060486
15382356170059053554
1538325786331162650
15390433202410804628
15394439253756714123
15400537548187974210
15401380819374987141
15403578155352634814
15406553557663907652
15411473027616192365
1541164347321994330
15411693243712223642
15414011977892118011
15426598601178828337
15428584111318902281
15431179249869727981
15442311092313902297
15443817518108691649
15449866728963094160
15452635362388833000
15453646315793854264
15465605269199274487
1546664161617694074
15471574496528870980
15486216080671759776
15486904873183949787
15487238146141009927
15489644952509538156
15490586480172617815
15496226764839905673
1549880900597736330
15501367994377467728
15505616637979680835
15514063150004636952
1551675038874576953
1551769412302544873
1552024450214387629
15520603090256517628
15524568085461037255
15530879351620713038
1554656449191642092
1554872417317490666
15550319805933304564
15552884062285595410
15553680275355756642
15554944837448282732
15556768596647410542
15567176791767869324
15571123466897254
15576498336667643345
15576532508408674253
15577961317270746524
15586919917320176390
1558800466327910384
15596357619718908308
15597958912023476089
15600588347391475655
1560087405294637514
15601108069598765485
15611121055805751526
15613132970038507793
15620833821537703138
15620913593190455262
15629510689677388882
15629882642619384855
15630160864721498812
15630591032259595494
15636325266654693130
15644598455393895526
15647178077213951953
15651520895771168621
15652223112068745610
15663842104462915420
15670041212510752020
15675108502136259790
15678317260469353982
15680809470327216077
15682573987934266848
15684476203969665944
15693322265372820272
15700364447164460166
15705287941406897284
15719237352399685869
15719421355389952409
15724067901467829256
15724428160531229046
15729746790117535489
15732406124391448714
15735830578555995511
15739366482410514829
15751051277648304539
1575138725565824356
15751467970783195944
15751540570490357306
15758356237446402586
15758385458805767455
15760514011266270278
1576331413170827414
15766759635372912350
15774660394680552703
1578050759997829173
15781310552257350245
15783466323946378996
15785332629769286712
15791429418282896047
15791683431637125009
15797984102216930792
15800293342810403360
15809812182887002184
15810136615377282600
15818738276710596662
15826792690496936095
15829482882485180403
15841977138158871007
15850956327301012534
15855107551623423310
15856917273949404979
15857688863724242552
15861060293893222751
15862106324869674411
15864002339947240056
15871546260202910153
15873680474434472252
15879145777721845352
1587916888407481288
15880100040778281209
1589370775208349021
15894189624907155619
15899457756282770387
15904839946047387266
15908682864576074838
15910751813237352648
15914906696672248751
15918385034690647809
15920837865566919560
15922663036934695531
15928296076763562534
15934795292055152022
15936431366766749887
15937032513252899631
15940170029436882330
1594470377593887425
15946120164430009445
15946577679341720295
15948308147690892572
15950238822130516905
1595159844690131743
15956427756121244717
15961677807761374556
15962560499539415197
15967190283133527559
15969693349676669203
15973906509367258203
15976371265367506960
15977219732570479801
15981781557480034745
1598199488275349438
15983601419802845337
15985738553405493759
15985882745338602858
15989894413679988165
15989897086589584662
1599144477876067573
1599358752362503113
1599913249295002879
16004159020649957386
16006064488743864835
1600856086657332912
16020211888554641526
16022354707743426209
16034665659801909890
16035297682701304491
16041458126040062011
16042224828631549567
16048994663594639799
1605068793269231843
16050885139801466900
16053563343702945766
16053681360528954192
16054286053653536511
1606463064030442524
16067049667316242234
16067269698550626312
16069482204857329736
16077729066936663060
16083164291220634081
16094306452104214017
16094322045575331196
16095702228919583697
16101189295421516347
16101235513074775241
16109116761163408816
16116204343950710576
16118651616169662071
16122615427736475000
16128511220194774251
16133595950957930923
16138338168787856594
16139466040998169297
16141552087466978091
16142543652195877661
16143407411850514198
1614519751950766887
16157517037972481990
16159364277508214426
16168166785735208819
16170301065823523120
16176034053196729947
16176379402350194444
16176473187914747995
16177188707242459902
16181444675164775423
161821138863223120
16183378854888427325
16184913953691707811
16185105792311471910
16187189158807480372
16189099100996223067
16194367057862819181
16196196807488586689
16196588631622818819
1619916324885250663
16207948530916803180
16209867272337289494
16211391931101647976
16214064842640662646
16222948442955902167
16228888450008448119
16229598350980555882
16231342348493077412
16231985133651324256
16239711774856457403
16240236250250620166
16252987527822320162
16256405403105298404
16257348405489614145
16265799418673847593
16267767535490075558
16272915777620369165
16277197888116434557
16284963358065780215
16291627259483870129
16298761980050966877
16298847402688338356
16298969509595381764
16307672424439141622
16320424940759232365
16322195003385387705
1632401717270487873
16327779331591954159
16327833969011644646
16339844469806073219
16346871920770531091
16346927595080550990
16350135403502325318
16350709514288720961
16351153189058181194
16356184249569024789
16367506782887811886
16382159033627280932
16382519264152018980
16402971539136482706
16403161309986832792
16404612436648689997
16407672443831262428
16409016738732060897
16412315478435824705
16419555224411448554
16419642166975891519
16420534937727031168
1642365809430551602
16425111342325592839
16428195342498341266
16428946023509744528
16429641454410101815
1643763696484648133
16441867495688219828
16442240449604650322
16442346376131100876
16446064410070192677
16455550426680676394
16455949788874428154
16458561868102845268
16458752656009101259
16459278464741470596
16461085236032930931
16462091534187262849
16464330182007119419
1646616479194549345
16467360452977371794
16467632467293401019
16469988522737265978
16473965863403287118
16478156860525087807
16483406862927763796
16489118262051248318
16499890556319323843
16505832124657022365
16511079900957822410
16521932739553594461
16524444435324511593
16526508724854093639
16534208575408915843
16538960270200207498
16545950899727581537
16552821752597407304
16556037390455333980
1655689375030288178
16560497665763333152
16560592266819088196
16562686090551072951
16563761938490725673
16566091278299365523
16567615703899958142
16571887048629518617
16573789695643624760
16574118553391701944
16574505687226427054
1657611655606178485
16576696246374686985
16583440675621336780
16584428395324700445
16585453230246977471
16595979136424785474
16601867813795642396
16602383927709345963
166053782893654058
16610791515560167846
16611168308548995180
16616685588143655680
16617000830695541584
16620197515215540964
16620965805866243282
16624074743008976495
1662815319222155078
16639713966679966973
16640824880103954889
16642586351703325796
16643837407583770126
16644897156809686044
16648225821869605626
16657206175118840708
16657975144016789567
16658361175800220420
16661767619333935830
16663233357976749366
1666899755435121488
16669140723307257121
16672544340824659201
16678022658400276793
16680607563694524154
16682192562980222027
16683458217219801438
16687225253164963569
16690518814348249617
16691763858727319766
16693258806440418724
16695463586780336021
1671115320206374115
16716669880799445299
16717790810888776988
1672008153736706961
16722550820250378214
16723369513576731485
16726782027500722765
16737892790776853950
1673947477370986360
16740306163621184091
16741939121953901606
16745628012971907574
16746669455311363050
16749113569471365872
16750299124269368389
16756925049565897819
16759119940333991843
16759680609256993983
16765110457191892789
16765510073418561001
16767252151591046645
16775871896872164659
16777493241591730190
16777729900851658536
16780755961549118788
16781831056220697666
16785376174868172238
16786533621138759798
16788520858040371921
16788997392980211827
16792366380622922258
16792905111872537170
16793899135650104876
16798015060489015990
16804383938628340984
16806105077418629126
1680771504886779255
16809725016023989150
16812047778807135374
16817471296848740278
16824954527815086645
16827465633710043685
16837959607013590846
16845103151204241049
16847453829869175587
16848996115290165836
16849437183452557856
16850244155728008436
16855744222740079942
16860287399942864450
16868747741112309928
16871465913516365714
16874894437302750240
16876803867472595343
16877555009165930174
16892967336272880728
16901071363766116465
16903891187885321948
1690656488359912349
16907424118834435374
16910031876213729852
16911926934032076536
1691326364585367712
16920738052481844841
16926214123764872549
16927944316717344587
16928164274489703553
16934739009613484076
1694771683960852114
16948391813412494167
1695295798392484239
16953732834107536319
16959481228772446893
1696134891494383255
16965066958222742091
1697174826191107167
16978516767062982987
16981814929883712322
16981899247111818403
16983604049037002935
16986677325361130868
16991382883367689755
16991477981564214628
16996619902729668758
1699856322941285494
16999270775616102564
17002597048344438796
17006007907349044306
17006809127697802432
17012399451946945252
17014255473162052139
1702496961498936673
17033641192994234630
17034126303189094504
17060235021989726407
17060266741214257105
17060519534525866489
17061124020267793493
17069534208219399175
17073935342347884216
17090443198138836586
17101770459678118145
17105171925628055019
17109231593780186064
17109987271153416942
17110346583010607079
17111397146241719923
17127240917221163878
17134117743563278302
17134581707728329033
17136303490853915274
17136879856233903376
17139442142295962185
1714079406452469402
17141924109051740262
17142000801354745546
17144246023238770780
17147293731689144361
17160878025044995436
17162133674155585610
17166287099822859871
17173510112055437202
17177247141983104430
17177668452928828234
17184097048849093103
17186598740266689650
17188114690585996088
17192849267417270656
17196833635880634162
17200585648257920408
17203632615261022827
17203766873133533869
17215708412928846038
17218488083822042861
17219908279570514199
17221923169895792377
17236489860068602905
17238667809336932228
17238834924574730332
17246520968918284291
17247513339420785842
17248481322949571106
17248603131477799257
1725643174736038154
17259795825402972230
17262606021568874192
17272047580702268410
17274058329778585282
17274518031694240009
17276269158868154499
17282598162297671053
17286666796569566877
17289708990687911767
17290861210094331461
17294934065295284226
1729815411577918701
17298469467704782680
17301803976697661057
17308855228264406960
17317983492120460577
17320557673121843798
17324199264951158646
17326010346062878004
17332145163665307626
17338630394168476834
17338734128150720469
17346696311734191368
17348102706963437081
17352884619265498628
17369272598019449138
17371301740273345584
17372973760244208311
17379983937132554830
17384871555208144067
17397184811111849118
17399605477766093513
17403361659371126213
17404421944608258457
17414631764530311997
17428719716059989563
17430082010960962372
17433353607705274743
17435263712333327018
17435805989401931500
17445862784702445250
17448459440618458929
17454322549310100676
1745766198004204369
17460852099905902831
17461675098072767346
174620414062507574
17463934033152061850
17480617125776256311
17487858113259203326
17490372315861930509
17491178301167189856
17492712761799119280
17501657347877508096
1750352551904667279
17516888460806680453
17518113817828475616
17524243283461320030
17526817144819234494
1752927574923190732
17529805959700684143
17534777574697453907
1753527276366520813
17537319778292362145
17540088071564905012
17548358708616146602
1754906479434385067
17550452061559755134
17554408116139835697
17556368506842050078
17560093801023909782
17562901109631482696
17567088119855221901
17583532140073302133
17585110159922675469
17593938145928619165
17595788211362617420
17601102160388279864
1761308567922471992
17614246214782541994
17616673448035915547
17631343881546511391
17633515138226173509
17643064348489665692
17648637510191543785
17651359524489329087
17652614787239324737
17658608269182192235
17661917770380489258
17667450652690012128
17667729808910503762
17671980019299230980
17672687405147667656
17682527131588837858
17687505409195380796
17688052966489181056
17690698475001136926
17694814569420285109
17695524718186582915
17702710145227092495
17706655739441928867
17712450534938303146
1771538027114335223
17716959062786741320
17717618582872839771
17719596339152963212
17728065172029341466
17728467115517341237
17732399831607129902
17734682298459143316
17736623689542681595
17740842272876483547
17742302264458229488
17749753044810854160
17750561228933071606
17750898985845971782
17762494279452321159
17766048673423301704
17766324381993139522
1777061366607421175
17776436955933350093
17780556118115402553
17781773293884029640
17785079357988941824
17791452083219328242
17792039581170047864
177921017308586829
17798919973504688527
1780142417014023666
17802415497334775550
17803940134686814233
1780789683240131300
17810398175971433821
17811516663789887627
17824246970376195264
17830486644991078613
17832942875951181441
17833269969226084905
17842461282562004264
1784541139492454466
17845507190855525
17848787879352556236
17848799656402351479
17851477240820492019
17852169475745958217
1785614503356779973
17870719611077277432
17873539766431724407
17877069223497175002
17886712056890936963
17890587872953678431
17893766604552837031
17898418925446485294
17905748979401216933
17910749678849600318
17912062133790632289
17918548089688250330
17926367617327657877
17932198232389062469
17933810013813022872
17936962711954296583
17941685086431747301
17957766828464393333
1796093332214929539
17966236971918377695
17967078181223060393
17975876205502602513
17978232376901276888
17981714675460133460
17991881432109734789
17992136082731713176
1799288049729155422
17993172308813847525
17994163086147979724
18000166963083185052
18004871112158707860
1800900638852741902
18009059489017090233
1801512124116002995
18020061085726419798
18023818629682249955
18025299367519924317
18032374278156873116
18048452916112265679
18058705685907156128
18074951389073695323
18077363564503180805
18092694717780305962
18094157873717680112
18099805172843060272
18104861615826049989
18108804928867591344
18115738964210967925
18120121191105526114
18120244902589879045
18122046602188465465
18126447712313202545
18129605981197138120
1813798347087543393
18138940238125696052
18143406914187123111
18146227195138958747
18147552801977361338
18156476901496369968
18164878720690723821
18165915986487725550
18166681922114730953
18178604579654884989
18188832295263332268
18189522944907007570
18197121716048209873
18199050647978458692
18205338590981309934
18225168795747936924
18233394253467097528
18234937631397071178
18236081078484165518
18239040100518493132
18245504682323374506
18248322989103645641
18258708136036767818
18259146194774696360
18259856576661259331
18275308429759011377
18276243224491262760
18279655653480408130
18284323549487855095
18286655408032842593
18287725005010178614
18288417738091471857
18292287930943951602
18293881463805706835
18298431628143216617
18303830556127172751
18305287156611149210
18313948846002621201
18322098173989878289
18324739739731913678
18327181207744297441
1833368286818358861
18372487652281059188
18372983800251956366
18374633720169574220
18375829403535951717
18379142449347281104
18380231344839471914
183803993197109261
18382302836713714895
18385563194965251434
18389503850203003927
18390577797703769209
18390748564104845959
18391573828038254195
18424740886820946132
18434349294441613424
18434941654949926354
1843505854189066214
18437136561134602362
18441146581563174431
1844344775257920268
1845080873517840651
184610589012353046
1850067089221952180
1851596947298578689
1856728822884112853
185688616570515191
1858213941772059555
1864839451416050644
1866538781902431360
1867934934413868859
1871661726480407353
1872810123434132791
187408309247892550
1878325094852066867
1880646098954345826
1881373487461929971
1884751409275653236
1886889876222191183
1896741727792433485
1899971389188242720
1903218175217146416
1904784224746156298
1911185024016108336
1911893698947436795
1918717989287986621
1920788334553194080
1924176013729898022
1930424350933630755
1931728837739599005
1937248559917571258
1939942982054463873
1941050059691141814
1960956413483303339
1962045865707311122
1964825647542108781
1976051133110271163
19809670308754498
1981057621194443927
1991370791642950049
1991753937718508948
1994588666923434743
1994998382217461653
1996605798892505064
199748931914240108
2000709459519774118
2008376047922858095
2011226421322901974
2014105392190819596
2016758819349072487
2018284191025060240
2021926221850120509
2021935286639000698
2022820903700109953
2025093346759217000
2027905719981269599
2030675580596975559
2030725468679047225
2030915941265428044
2035843329954884792
2039252473187829176
2039285897017368332
2041425803089839730
2042152051256007794
2049047789803042027
2050669817381516418
2053719795118621521
2053779353649080113
2069188999781710700
2070385379695376096
2073479950751810339
2076371087794835297
2076944831798908408
2078526079915539397
2081056816586792500
2084511455791866900
208560475533672979
2093627873705058459
2097823368595636098
2099383927578983696
2106178336929391913
2107402482764554013
2112155071905582129
2114527156874075483
2116906026587282189
2117385466598337564
21190088204081061
212582575814550018
2126223170950467153
2140941639232262768
2146841911851296855
2155618019666507978
2155659414679460705
2165074883715375380
2166546218393720982
2170755106084533697
2178295657662235537
2184701592936259
218527062554909640
2188690474342303538
2196787204156183570
2205661480344057999
2207087946789839667
220789794506598630
2208026448093241912
2208732273674288292
2209559854943910081
2219277103331082088
2228461343880815981
223524411458092089
2237940445067503994
2238405125081700272
2250738650822100523
2251173290369910113
2253436482784873216
2253548150382208283
225444488776426442
2256541393190830715
2270929186149205933
2271969225127835303
227361781855555908
2275414226654742704
2283660678236439451
2286265329880127358
2286810301646460498
2287711786069639943
2299122132100305851
2304171621128614887
2310935717812894302
2315669179632588991
2334575411187343442
2336436471784000102
2337284685005558006
2343946843720113911
2344444394534963589
2351779088070327935
2359341308675869400
2361652562740316440
2363057010888800780
2368770406774556870
2369625619570360578
2374973838577004002
2377765032844948604
2381753985610262283
2385888281304180325
238752374522316117
2389069390750570853
2389960243922278802
2391095468396620346
2395656658347381842
2400011778800227652
2403001389079324256
2404446581268856469
2409253018220101303
2412026971564535719
2412718038293685183
241295660142797932
2412957296079673713
2414879515729559398
2430973075631849154
2448090896358619353
2450975114996683401
2451117326133731093
2457787454241699209
2464048057270207877
24661851450272492
2471414400331075351
2475354147268052794
2479248981017501438
2479662254617049251
2484477366765447181
2484556133920228628
2485880273418988795
2490369125862040041
2491324377615893727
249555405734335803
2498033422961995089
2498840913864550685
2504846588724333698
2508989552853228168
2514570655982924699
2517903382841218378
2517909876356183021
2528199888832485078
2533248316851713004
2535305524467629967
2540515182854572533
2547164368595408362
2556948906664035341
2557566809619263680
2559291278277427656
2562741492623388703
2564408928765315914
2565254506738552639
257043022769687301
2570709949180817984
2572031151913804559
2586804214361848753
2588746457191302832
258945283924471357
2590204070600588543
2603385451042602805
2606152570982627228
2606411562423701494
260710308362888333
2611105365601759408
2619600886091919584
2620367748820124594
2625631818048462188
2631654991104969433
2650621367847139645
2653919797273731485
2654053821723844958
2660292437769893773
2664334737648013765
2666886176041403944
2669611842630175841
2674429678244816834
2676027117126430371
2677228942638216623
2678506279272292690
2680294024506993033
2686058687044625775
2686321726860896409
2686795939682556946
26931980041288737
2697600854831740427
270210295314160710
2703824854596636136
2705365823124807070
2705540238471113704
2705747796804366748
2706656016055387685
2709140108673937867
2711125142944942779
2711447605686558689
2712330066926772408
2716955319108650915
2719032857124435920
2719450326320905751
2724280497712242967
2731550260715652684
2734227305754610399
2743677442005184945
2746193710708489885
2753437347356328387
2758534874404904120
2758803130622511097
2762804383489525254
2764204247273830522
277393222829322885
2781138108562817257
2782687255262865696
2784335394789597870
2784491945457426105
2785079605525892043
278585653440795762
2794086846606730507
2795320001417699934
2797893902340119096
280435876789334641
2813597715801834204
2815226555129734106
2817958658226930144
2822058662457236371
282564012810399484
2828059430137583896
2833051709340464135
2834610634148210932
2836604913607215193
2839285320381653650
2846130992555626828
2852926785492208812
2863047422748358863
2871952136169558635
2883233102982694154
288862887256335414
2894563252632099104
2907850094074532374
2915921858990328417
2922484195412841318
2926195696536854184
2926937134505036223
2928272296593874435
2930545936982320573
293925976694161299
2949113826466594900
2958678965243696766
297224214531194239
2973499080787787550
2974364460161804484
2975651840122583789
2976078458337658336
2978263076558968562
2979139431675241918
2981533265363892353
2991200997958629334
2991792835726189462
2994922448983068587
2997621872197217080
2999257885346587522
3009221249973888511
3017781433047543264
3021972975864664073
3025076687493905560
3026175787814835403
3029059934007497343
3033367188802210562
3034152677892681903
3040195441222088531
3044511424303651743
3048857293954216902
3053062162101517855
3059524717742713450
3062640334611037942
3064354200639741877
3064556276571593699
3075878025582832536
3077329224856546325
3077636610233659295
3083269829395069304
3085427271596761244
3092712938790639249
3096129598765999055
3097839246184013594
3099727378990201019
310048584580776434
3101708826608507050
3103210127377630098
3105972390781668786
3108378493811217615
3109095471308988093
3121837814791920075
3124652353642033608
3128975893297361425
3129091165217321746
313105197137736495
3132559826236104204
3133244510980585631
3133663241639679823
3134421903590290133
3136029683319875522
3139174486665085181
3139834881142869701
3143536006020397275
3145153022122566665
3145458707432649739
3151493865657848125
3153949195651304508
3160499362504147140
3160538503023524903
3162482769905392554
3166285228584014197
3169413918168887083
3179770843943463629
3181344207814715047
3185933469666810900
3189509349608659298
3189888725297381243
3194902803068385430
3198242389558884292
3200404550938901232
3204078709738575034
3211028686983916475
3228681872306724541
3229637666260616220
3229750230293872942
3231007988333222922
3231425199359328996
3232358828037818818
3234945613747915730
323638047536277587
3240646486660001924
3252321996973769346
3256469490778018784
325735299046397308
32604043425859516
326497447920404817
326538571704232988
3266016654726618069
3267964427939572979
3272531154499833324
327449536019503021
327531586738648670
3276687302787232918
327795458922672518
3282818987012031554
3290611633012585539
3294484679023235411
3296494608614387220
3301601952631066187
3322753852754106723
3323624527646528903
3324339627925489094
3328281180691983621
332882781189921655
3329476362072799067
3329590358053509507
3332154503137878241
3341644116248887268
3346179166267258747
3346751894696115990
3346926632935845670
3347347198220519781
3347639871940448474
3355947287101968311
3355987355677834179
3361592297979521117
3365970528492752977
3372683846409265018
3373651950275155566
3380830537494175542
3382238680687252247
3383282291360070962
3384123009053093860
3386774965086388891
3398109719247348273
3415592109035218669
341809752818437824
3420571699972391944
3423771537701983069
3425654875725259355
3426175354597298076
3429218596301314222
3430043176917214506
3433552262197455331
3437763827726649077
3438844457676077928
3441298811112264072
3446179766911272693
3447399641009331752
3464138812081226535
3468181064868403500
3468336837890446149
3475747102232417922
3477130059495623284
3480516606515498236
3480771232376937577
3485915190900548228
3487965761032553305
348826117090460611
3488300103171147822
3490992206945934911
3491866488091993034
3496813442790257304
3497086324476739976
3498405368486233741
3498510199544854646
3501429272987607652
3506545359854427312
3507913245039656859
3510088968762495210
3510974285044750979
3519715272718898244
3521044545240810343
3525679237985588241
3531339686586474648
3531347598577554373
3532417867750708815
3540152566679479058
3540202599493476803
3541627955824209612
3544867542206631509
3553540501498684475
3560485623766941424
3561737446259067287
3563402717325029906
3566149592289712678
3566309237157197980
3575016762417941072
3575646524035248413
3576077550968342694
3579079834399147300
3579446888478341948
3583761839136879290
3586222885377205212
3588826279268748049
3595846651912222052
3597375626051502454
3599223352168902013
3604568621622977031
3608843509802972732
3615529167202570213
3617343547245853454
3623470308962619470
362505965335292535
3630054187902384647
3631769017623177289
3640673535381900534
365205651419266920
3652986896427165905
3657406192039933227
3657965445275993039
3659293502712974880
3661858190653689341
3665161208020739527
3667137284814401289
3672309440602141537
3679420349566635952
3683238860052923742
3693513820583265203
3695576795229071318
3704948108632336216
3706513260312675902
3717540561596759472
3718921070582597579
3726696329451894408
3727194099511485465
3730930346685936669
3738779247477168857
3747984319720298409
3763165474200955190
3764465368293165133
376981510624210767
3773653427991447243
3779240408184066493
378042515412623593
3786595827583616428
3789529489099166301
3791946108455480689
3794599642523328709
3796361758532581096
379787328023031326
3801588154902022569
3802683185431660565
3805868551757155674
3807408020113906585
381838832166644157
3820727350006193144
3820975155647069387
3825601603734587581
3829584846964489120
3830055287635336618
3834668518273575197
3837395508477937725
383795532522266133
3848559054673223636
3852830085930076666
3854389436803334050
3854651348449583186
3859338723448604419
3864012821829112004
386424056689785542
3865098104325912246
387000829478400967
3874576123996837963
3874916044889300012
3875990698019342468
388674125186577669
3889991677476107020
3890359108124547420
3894901276119635484
3895736730706068305
3897830513953549978
3900523491710314195
392136088188053064
3923386574421105884
3928520142369055767
3933138323510887090
3935159648859457554
3945592305483562448
3948151834174182891
3948171673829629263
3965447600575956763
3973093147873545261
3975232208466685268
3975833063107762669
3976207909021244242
3978511534974166019
398770753407187600
3988798042907986893
3993413888797702658
3995412340599216256
4003619502859944780
4006218250507387849
400815042805631866
4008749349580698389
4011419580355291516
4014017398230817056
4016367441006383818
4021918253565141772
4032151098431971889
4033868129701279396
4035597609132977006
4038658375843326459
4042496253690590978
4045912903097053928
4049187224681697861
4053028505094260937
4054733799386993902
4061354491365198609
4070606809543130816
4070846167843199523
4079098034577797689
4079777188082708801
4084678885399641843
4087428239521455413
4091933535222343559
4107673169531205767
411203610261860433
4117879515460293224
4126311605388699258
413376573879716719
4135138011656593462
4136110242367507487
4139233793337657182
4139659873972268907
4141030057996531815
4141535733788887286
4144539822279206741
4147371049154756701
414750941698074001
4148912611100949435
4152634983704097128
4154737658157336694
4158718860723804101
4161567673247731043
4171052899778534198
4177767408069513653
4179707728764480450
4183115724657497248
4185047145045791099
418676410012225382
4195011465803311594
4201429059315561287
4203923064132108213
4206260952141236196
4229505941612840055
4235642536041567169
424383645868306919
4244740959303247970
4246044891517611516
4246700393379483281
4247814924776965287
4249918429155602730
4252173022221478922
4252593052116597956
4254992534682470617
4266639531103924472
4270712937506565901
428329866670707417
4286697830361158607
4289474595788037963
4290758540918266539
429297603274062279
4295910835753823987
4298320221014733588
4320457636506379555
4326937965040354383
4334364327571883695
4338278118052518960
4347432210909392465
4350313504623306208
4352603716300913509
4357073536179681807
4360218323966828218
4365294042225109996
4367625798229874893
4382970801799795152
439185815074094879
4395694260343824907
4399515479924199598
4401336174891449224
440535761527124853
4410051182991885539
4412900551356255344
4419750852075562398
4419926352079337567
442792730606352519
4439584991321024903
4448962784339980525
4454540694856746677
4454915780428243139
4457595789051677116
4459926437031822434
4461722727927242868
4464696190163679614
4466799646020458132
4469954518452211627
4475648144602177787
4477081408240072282
4483693933806393348
4489596013828837446
4490414617088439412
4492001486405752205
4501869672380968930
4511290028485354289
4511402466785030695
4511606410043046132
4511804551625558648
4517671877030652723
4517687046876887143
4518383586394572409
4518781472816790646
4518800688902783653
4524463203616789016
4524937714578582905
4529190900059744461
4531859074910034518
4531862012814967468
4535323615129614910
4541253593023862540
4547324035372782601
4547944771188233067
4553215211987515542
4553733101026216003
4566233890349398223
4571865585298507294
4586145884074611394
4588335263714922246
458998069375111632
4599583704351150163
460030365188917251
4603555824756950829
4603615142469038047
4610169436260101523
4611504550922174253
4616791795601305072
4623174258994651130
4624227964674677787
4625424407899913435
4627007083182565045
4634339318371114081
4640238799856883474
4646081095591676480
4649469036291455741
4650728104126207567
4652632669714851773
4652937840200965348
4677968728935160746
468021280944070965
4680676992254734
4686742190460404414
4691794188646375994
4699085436104098094
4701862695133681633
4702707157983980297
4714612141581854244
4715957323862950001
4728099409273628686
4732033426154093250
4735131203094471859
4735535047344108222
4736042099418101520
4737896366865950896
4743011204044545231
475116001199129531
4753841346749516031
4757989556123181999
4759186079512429412
4763841960783396225
4768827305413287414
4770443318285506025
4770946576688408914
4774406477941548004
4779816959215528185
4787194627402982878
4793426293336288718
4797935008413778951
4798587236562624827
4802899525086188731
4809063342107266810
4813993798365210177
4817375204781231336
4824889642596581470
4830963316262153239
4842333011349205866
484538489708928947
4847889851802460938
4848692652766395521
4849682217548865544
4859133811242799050
4865044881102509216
4866071039931487138
4867522594267279476
4869599968776796684
4872392146368416303
4875949881813873863
4877122303050903887
4878700870097986603
4880448370878368204
4885213662072151660
489082287527604830
4890858987161226443
4892771885723576483
4894918974511783445
489655981675953922
4899546436885689294
4902375898305345119
4906079469299926467
4909113260961541873
491003745908292816
4912227466112320272
4913462701964492670
4916600057718108868
4916873790461618387
491756378553163432
4918254201289955024
4937558678427525842
4944126682500650527
495747194363596765
495870661895220207
4958870842752014641
4960366648596918149
4967675193772286793
4967809131101469776
4969309687905816876
4971039328783776457
4972120484836662116
4978838397126615828
4985328706961787017
498561846940919671
4988582427308443712
4989411107734784540
4989806694235988096
4994427640325052925
4994598323073321822
4996891107412525824
5002685917097113748
5002974830120534208
5004797437816938954
5004933865870618106
5025244024521647544
5029786233879213175
5032133859743824182
5033836165126340855
5034306415493057349
5038531997599473257
5040358996452867546
5049285416623819494
5053998692494794065
5061843151689174690
5064139215092634916
5064347683814670862
5067103149251342760
5074199110671055622
5081955942575075209
5082354503710369922
5085685421985996139
5089939661347382807
5093174987434604314
5093270515719662131
5093419721452620761
509594196588604416
5100475941196749205
5101729991647381315
5110482216236575219
511055786757361208
511067317210853082
5115131747480715206
511845128837965439
512487870533016594
5129354969354360663
5129991706601995943
5130560886770473827
5137057008360819553
5138415903411207894
5145660904804869063
5149938077903007658
5153147108643718594
5153700926170565964
5154119600833209424
5154895192140320310
515662206369763286
51626203999843504
5166334627824559370
51691627686188940
5171231134863359613
5179570760517287200
5189261312627063088
5195311268750954451
5201758062665623933
5202330977101893842
520296065047493332
5203935127766128536
5205643656452308373
5213859194345479442
5213963675621540827
5215210103147094293
5219300014625440926
5219913926898383254
5227862205520052027
5236652726445400548
5247562451033545603
5252966539450947551
5253274191809529387
52545014685440959
5257024578087104594
5260842443346189952
5266858592162060993
5267217281831869718
5272316980965267006
5274105298925335890
5275134717951193722
5281853572620098533
5282537448501889464
5282607978303328254
528477059571445921
5284861715524545699
5286278311051514920
5286471428329573257
5287311486108714214
5293851953298049212
5309528417014435662
5318555188274541122
5321174366304478178
5326213417324124675
5340436349748559558
5342025222203412927
5344942563822072429
5354858184472332320
5360165182567814217
5362165248973457209
5368862179103751606
5374751743381759977
5375547913802077706
5379204869289038792
5382509197539924036
5383108858380836607
5394431790369528825
5405319894155237231
5409234401768403487
5413798586377314723
5416254430926703648
5422164463777080723
5428918083826896761
543665321891483778
5436860625550476894
5438722404443803629
5441323718320437615
5443460436146771272
5444679066330835039
5446980858466879826
5452251255487908051
5456047885934339722
5458399598431491309
5459995348313679046
5460289589206367485
5464142616116495956
5468965652192134756
546999476070346056
5472422262998439885
5476360320593687695
5480796838732471741
5493614466146850510
5505740252223810242
5508492343209380216
5513468387385404979
5520664640009789576
552300156076402975
5525842733804829465
552791564249881509
552911757878613153
5531113435591213577
5531187750516553948
5540145299942526180
554048150263311527
5545795862007026152
5546580711669254684
5548237784635113065
5549641357120738609
5557383952410483857
5559458372433684952
5562882639583122257
5562903081635282045
5565178059397656452
5565677821858957937
5570925625576314603
5571138381068880898
5575869771335143729
5576191515826424308
5579167715610911916
5581965954404630855
5582550085538973746
5584302850947999610
558490584547815405
5587800004597882622
5588389646896407802
5591644210140126772
5597025613015486188
5598547176862607229
5601683954578860950
5604366759971060097
560803524000811547
5615494977655859321
5619590724076550620
5626550178916522257
5647203497502811422
5674651021930766848
5681585152607973293
5688897792278048291
5689632020291680767
5692407802045194344
5695183597990099772
5697506752834715261
5702436348988956481
5703935219453270612
5705183720698824296
570753675638505338
5709028765379238701
5716201605895708718
5724671181502607678
5726417531134754530
5726622747702629709
5729665591581296512
5738483617568911172
5744076041738868152
5744473079242816531
5753876764001875489
5757138011522209606
5760156752306278569
5760313383022883188
5765790485848708999
5777073839654084184
5778569995524610721
5784378574435078992
5784755034639142487
5786834313285206129
5788874058391475062
5791746049653680746
5794294493746737040
5797160484247804710
5803105682989438461
5805423646566659762
5807272169422065124
5809173940202533006
5810153080826309440
5812002219258247307
5818419763337298971
5820808389207633695
5837914638827808065
5839215848861458187
5840019398834088561
584864237857266504
5853070823719749384
5860713873059635476
5861105445582822819
5861257329183182692
5862862329965955641
5866202860296282536
5867134936203996139
5870948014400930131
5879665811855355390
5893742556567148063
5896642770014199247
5899520134052615507
5904973136167478133
5910038880444568109
5916023213008850163
5920908337368185512
5922522028559406296
5923027335297180636
5926906258907804096
5933884382284668091
5934368722486064853
5935062616713822722
5937495896502878629
5945873240185210391
5950847412478909746
5953939389905887244
595946051855781388
5959954402175423517
5966252184645061692
5971859369933005411
5972765585466487374
5979932597859154075
5984183881923068976
5990954244127040001
5997618013667261887
6000541441751207256
6003722250657623955
6003893991344376611
600635429695294357
6013739364468411775
6021284525521468700
6030955873440030051
6040008858289151227
6044570779502708440
6048550753176856489
6053193084316756608
6058358684295805622
6060200506325048200
6060430897060774207
6061848033808848770
6066412518740703836
6074582164256989397
6081665705938500344
6082418595701546423
6084964255295308141
6090429410960965672
6100024168334445712
6101877361207083590
6108182744930935893
6113436374659386329
6114366735614852893
6119928326913359791
6124619337850042351
6127069491025326514
6127279670095258556
613000506865484100
6131199271005298617
6136481723312255672
6136621966027707632
6138061328065605320
6144206771903580990
6156627093038834628
615913443943889803
6162000822157262162
6164963343193187303
6165012038582697037
6168661474620069357
6169921072686744518
6170049390218994327
6171012296337175089
6171399216296260228
6171798860739386057
6177856445898091950
6179755490896496428
6182957275745892556
6185314793648455697
6188757277736043280
6192726162707422896
619902664465868410
6201765968092532405
6202964995305810131
6205677174912819259
6207581752802143622
6208877303241687408
6214835612841829816
6215220641023983503
6216471275153232559
6219744822241891435
6227036451456272127
6227874336165340592
6229357712958209718
623180932702213733
6232509132873313329
6233901821269376767
6236383553217516249
6237013605904438994
6248594515336508292
6248873020419397786
624946393797940866
6251175762584429061
6251795737273226818
6254637661321088155
6257915713647394682
6261241505892004958
6264302561409000664
6265191253498338733
6267340352111962111
6268625594685564961
6270126160877536986
6277433251341549317
6280434817661033314
6289050540193056552
6291447609281063713
6292063672471746145
6302384769747098841
6307619364316605437
6315616141492961180
6322742579061030818
6326784696190534888
6338709053919518740
6341500270136396928
6344678259955910040
6359774245445889202
6359997151074232304
6360564232822539905
6363339200973055839
636418695365485791
6373124386849263565
6373160132233645524
6373632705898124897
6378556918053052022
6379415350345796646
6379988406869333131
6383371920612167924
6384936980014498724
6387253312055915633
638733928642433339
6388650516157515249
6388721171160304265
6389571021917236122
6397448441207780825
6399914116544831939
6408879700607097246
6409158167648283346
6410175383553658761
6411701322945935984
6417029341630725486
6420019123848893521
6421389314301836147
6421655466680170108
6422713842309037499
6429244919205006657
6429306936864016687
6429343907360067351
6429357170985638462
6439151152325842220
6444797123889383125
6448293024554512524
6452613789183240022
6460695469724252692
6461829772864980776
6462652665430544585
646769528983833564
6470974332703649052
6477983816341115173
6478203482914786324
6482322124026073290
6483060663672218402
6485644715724213054
6487264709999546714
6490399547761105306
6490498067865019917
6493220347013164079
6494437531622423225
6495425767399612099
6501638019178098399
6519538671254323791
6519761742387441575
6525268973517237755
6534854598845969825
6535963484556918403
6541421832123054666
6547631277195030322
6553519935632821874
6556516684672322013
6556715353491890531
6557444902032526806
6561634852665453571
6569552625055984524
6572120765591250495
6573674104232090180
6573882885120057973
6576845785607335382
6578042049229678977
6578339695313704548
6583748467114454039
6587486880220866190
6589164629816271125
65936006964605192
6597369806847995639
6599257092686028226
6604796087598011802
6609984188490322224
6611561077604119924
6612891445193390673
6619357019795219314
6623169833787878156
6626198623113926337
6628283841193117472
6628878902462092026
6631321467638773546
6632148952223044925
6636516323733845276
6636680398169133761
6642946961023430517
6645649092721626783
6645851309965502390
6650460859251023112
6652773398761672171
6658860605158979265
6660232898372295247
668069347095874920
6680939201284369320
6695541606532853455
6698442705348277981
6710157629239299600
6713563352827436890
6713782714027384649
6713844579816982643
6715383227665399146
6718182604569133188
672108647748096004
6721191231846519100
6721476452933729478
6721968836810847939
6724158321588949541
6726319020364992537
6730359799070445104
6731886151671500142
6741518050776744456
674254683257725574
6744496976941966945
6745381359496774481
6746147250706440480
6747691446600569883
6754981374013632848
6756735719629013247
6758753539265438482
6760293610875672519
6771045714322644629
6772516187459473426
6776557508828954011
6777552449368115381
6778719470923395406
6779582324034001462
6781230716580315042
67874207767615734
6789969869217922274
6791803621225669607
6795076959201214825
6801403142236434488
6803768404742373819
6812930676254230400
6820812345268407009
6828464251721432093
682888000999528171
6834259777432099990
6834458480023513996
6836452670285260656
6837525984400282817
6837536311156460495
684061328986315208
6846438233351984829
6848146000607606361
6848739063159805698
6849235067248724889
6857725239358711016
686214502371308500
6865170100652015002
6867722920844261345
6872235599185077014
6873336212702019238
6876333868016988947
6876671008999964841
6883716893779617825
688480931454718713
6885256076232927647
6887822288367615857
689100121326661692
689332780285694496
6894626224911808220
6898045289631401228
6900585963557958824
6901325624236512201
6902037859156007018
690607407386951100
6908086134789705681
6909757215410896587
6912447351435284209
6913189222721712580
691537379827172940
6920205848501217999
6923942751273157529
6928193187932285415
6930055846811476637
6933227007524042910
6938284646447294973
6955388819946983887
6955932086166439673
695925296954503944
6959826560325116668
6961828944485988796
6962399783475158544
6962577589853268714
6964246579567158323
6970139394842653290
6971626683004696255
6976757999929898403
6977621179310932950
6980413028587530117
6996311990255935304
7000247353626697284
700151757278448432
7006278362614071635
700672322217748183
7010843324335918282
7017396886789425524
7017561790855817799
7018190550945967355
7024986996853885215
70293657663245093
7030869176174301977
7031674400019930
7036111543207713415
7038331942005911702
7043678060604473277
7045976629283423232
7057869611150563734
7058846586351379124
7063423461590309838
7063953655832721566
7069884508892070920
7074931901383872596
7080220047711050645
7091488339948787648
7091500044921291211
7093771290966515374
7098790002999266172
7098962449528588126
7100717852816999865
7102004792021942323
710327947890858860
7104901196077398092
710504317579154355
7107142557588779164
7107564296764047347
7108296483492083469
7108778019187408349
7113798063603759133
7117899335601050397
7134605306467661045
7134990380685333595
7136510139140079586
7137178297365512432
7139376479413101624
7143994363780937212
7149511525437982141
7149727623852746418
7155285801018746885
7156469439855483572
7158720118894491111
716215805277466984
7163902020390557626
7165716355147898139
7165987648746711072
7169973149735193387
7177543263753243998
7181468322117765678
7184061083998911337
7184998511795206091
7186062201313518859
7189752430465044052
719445644141934743
7199258791510582161
7200057098718796704
7209677196120093121
7214932590799199003
7220671820190018520
7222588339461500280
7223508395519973326
7225566087545896946
7227079618123753852
7227296285165318814
7227333607124824668
7228637150849766655
723393241606687691
7236728080082017052
7242779015250976745
7248411043252677553
7252306817759373965
7259327341020652020
7261571516155816867
7263521537736085292
7266646524301086755
7272083529969708573
7280175029097398779
7285375896547381039
7286601080486399929
7291837564775753692
72947157106347400
7313366832725451169
7313590676361004491
7314620572675240385
7320580607624693922
7320915463876127734
7321490962739553555
7322589297005900051
7323793066329790161
7324095871206161552
733192017527181621
7332224152728035779
7334468200712114499
7337610504002444713
734133800779476301
7341707435234277868
734637876655699440
7347239667913776583
7347284362827118929
7350564012130738024
7356917635226524547
7358689989478666685
7365965205624676550
7369123171634509201
7373234976803302520
7379137038839598599
73893245096776028
7390869446143767469
7394481270443457062
7394534466824140906
7396020702347573664
7414057762427228938
7416425205854166079
7417577582525431924
7424161937465796088
7424227832513826640
7425539055448737050
7431397669828447918
7436830262894548391
7442047855203560115
7447687975086015161
7452508647017220338
7453291993608887067
7456087176333147444
7458109808922202663
746019686896131961
7465431016930711631
7471562242311590000
7473274330257006409
7479152619289514544
7482685526502018852
7485869767385594684
7489746555854571908
749293526544426201
7500410056330465846
7501585266668486772
7504351975045348438
7506077344316806609
7509963804073083854
7513487373215511858
7516029781970136425
7516126142881725169
7524680647431380095
7527698879204882035
7531627415585929374
7532328117166085448
7534269232417334407
7535347982394173789
7538676207863408782
7539653969385150899
7541750882354696107
7543301789760008527
7548632853849040264
7549510481964823221
7551729192039224263
7551963577694860373
7553696835532931978
7555907784622917325
7567055920214480762
7572229262520673404
7574806537155009061
7574924548528366873
757713126732901465
7580076792176142094
7594225260011085731
7601123368144658486
7601183990233762935
7603812084580829699
7605544484997278675
7605760797914301546
7606690916399884310
7610688717860538125
7614274766177935932
7615489225328534397
7616315420543253399
7622614995219570136
7622931526976667126
7624185890094403963
7629119515081123494
7630265860378335301
7631176559399473621
7636873706511026838
7641543780616532463
7642359833223572735
7647058724173899758
7648901624834674032
7649738981992162141
7653145588913023053
7658107288173223160
7659382547355614050
7659671004647319773
7662207521499262746
7666577663320512418
7667057932276804705
7671041588047995492
7675005075975109509
7675308119789122239
768701967897160246
7689051251352655168
7694739344845110052
7698743334114338008
7703893231155224415
7707073849059451251
7708518537925662147
771299290451041245
7714740244953895294
771816754314876570
7722298224230584560
7728907482816867560
7732962233270618503
7733898007237486477
7734017327677785134
7736130264700438498
773792277180878249
7743907273992780154
7744342799189194317
7748174534824596167
7749387874258964161
7749620748183098965
7754882424283222908
7757841749267380948
7761564600796114858
7765761598425878430
7767497518939472204
7773025059422615229
7776251726717754558
7777626260790843190
7784538454847238758
7785320157531555893
7795100633870004481
780864019891122279
7811417508544108483
782537185798815157
7831175862214301460
7839262125068334469
784254210479330691
7847714905947964713
784890863836815262
7855767324089984643
7859092430744443652
7861389921581269344
7869722742730946067
7870659133907916762
7876008292204682405
7876451550619553978
7880316084615927258
7897349236767949848
7899420785855960613
790199966303485254
7902136768937132158
7904134677024093495
7908240031502231311
7911010843012156553
7917712879465910167
7923121656300579133
7931071157372076869
7934640808319257029
7938696012220219731
7939050948590095928
793935624558447685
7947372762951779110
7953414060673569481
7953693950903326400
7957343253798161429
7963736781560114350
7964391995989700329
7965154413503946792
7966920116467367451
7977698091705643400
7985053466389716400
7985895464031986874
7987795987020460771
7993595023741820742
7996094572852929680
8002946435595977371
8005406413697768245
8005460327221171092
8006436361776671834
8006803036407468734
8009888870768772550
801091076180697292
8011547265581047311
8014549167485892190
8018914408420197301
8021182504004130619
8022035115860110451
802280594087678789
8023138398493011090
8028315880084512502
8029984785655147154
8030525749058814239
8042689350471199357
8044394300158899526
8053742922541511899
8056789281421334056
8059235659181884382
8063994841726817188
8068210000651349630
8070785792128082275
8080907599641238944
8084802310882531833
809077457266838456
8094558442538921194
8095725548234650675
8096451541749770068
8099796441575499519
8106251004963178884
8112441355272723699
81251588168463266
8132305808833732997
8140746931629720774
8140788858180732461
8142426394919700523
8152206411191945203
8155944336098868047
8160585044542106973
8161978690000416572
8166517860113656073
8166686039059745346
8167032765317711493
8170775537733395427
8172038740577209711
8175265533163182520
8177282374552486895
8178813589246224850
8181410308349596059
8186358801140482536
8192963966288181870
8193934275900790577
8195098854677887378
819992678703359021
8205892263802996945
8205903524338145646
8209067288690316340
8209834390684293522
8211308650743939722
8211755355754054346
8212335378198525585
821960902419889045
8224172014859495752
8230370361810662728
8231369004765030055
8239934450830319172
8243404488209500072
8249639362393208308
8251523177252337583
8267144788230996973
8272841359376371701
8281484812655015216
8286209851693528855
8287610309990265518
8289504083031622792
8294864029942487829
8296129114500243818
8303885900672428384
830445718726042064
8310042416204420029
8310463032033444659
831148349544200081
8313392796341748095
8314073287549739060
831455695605992633
8320843124908491508
8334282524409505959
8334601836854467944
8342648312501441499
8342777389175362575
8345086724896592385
8349567578012564279
835155547182639619
8356469109707468520
8362972648080385622
8372735055789286327
8375696615483755229
8380648592816532180
838624918928948175
8387372775956682568
8394999192124791760
8395231585518245444
8397782453287774987
840114815040067657
8409855236303702775
8413141892099206246
8417437509747798322
8420194657880525342
8420639016954931508
842140933645171667
8421552135554571263
8429314782157642363
8432272674113978335
8433915639254935075
8434517552784769521
8434786394671391504
8438066447615420903
8477894105871452072
8478642889842611873
8488278521576033525
8493841147145558395
8494067918794633591
8495940777806220695
8496777270275637704
8502053221789063293
8503779736290895971
8513129142878926309
8515278878432204557
8515385664343677249
8515767346926627317
8519434653085980703
8522091282165059935
852844750180919049
8539244146614062183
8542914067591457113
8544755656491738545
8545048800564138926
8550849995657841668
8551439597042221894
8560731100111668165
8564243252478126247
85644084603820366
8564578982365167720
8565169429368561266
8567670142605565050
8568176963908275517
8590107038413796789
8591488307388917547
8597700951178112860
8602320835127697649
8608684980810368659
8609020957229658701
8618704847574114121
8622080539487957629
8623496798480875792
8625473898647808927
8632587341904019629
863978361899240958
8640253051953487127
8641457637235250688
8645762978175357946
8660678623803732645
8661959763950966578
8662548325703152650
8663931323067745031
867198351411686177
8674413101955892736
8678606593459705910
8679186147880619055
8685283631025086162
8690367929326352316
8702420264701815587
870447354558348427
8706166092547978938
8716194908862451975
8720352795158302040
8720507849518099995
872051381338342548
8722863032217825907
8723318935323609487
8725603927479041359
8732780393719753621
8734161609230066104
8738910645823601263
8744251777840788663
8745087986078194319
8746168049493319244
8760738458944434354
8762116563904167964
8773000537393009841
8779800683904909120
8785336071003451051
8789533649083306329
879169904062386976
8794719086915096932
8796100636889456797
8796565906678078242
8797978795659839078
880192675141146415
880682831931043518
8811352379605553811
8813957636222352038
8816218321886360024
8823203110536873319
8825716753038541768
8825765712755030784
8826026445888694832
8848899983423736116
8851187671134077559
8857214673831383164
8868652561896344727
8876336397381788840
8877260954183199043
8881333185620997174
8891612396275005251
8894811162042628638
8897355516529214736
8912594419776968575
8915406746458088706
8922080910274391617
8924748641208155542
8927181107709831361
8932261186617737956
893387608567767544
8934267673923726358
8937974436577208098
8938360985655699157
894156030152338949
894381555679620995
8946245803029678247
8946758374922875416
8957399297572461089
8962483445768356160
8964954707679074275
8967627915537396275
8967901286199286379
8970515956959356692
897103749746964252
8971346420474563677
8973813898724652791
8974912685118123964
8977482506504043858
8987661864332553382
8994619494373981511
8999628960265662401
9001316494324677063
900224468158294686
9006613202379522806
9007792329381507879
9012020999963869237
9020230381755488021
9034471748269923659
9034555106846765357
9036379817845502200
9041621675523073480
9044846732100362342
9049780770592970603
9054105681257211485
9054542460272159570
9054651912218527754
9059546155570695836
9066722377393570077
9068740484519768427
9070702272963270741
9075267275453417891
9075517076769607750
9077155707286070834
9082909502242190871
9093414943501340561
9096827531569545708
9098350416348298077
9104074931477975215
9105069199101940975
9114157386665682942
9121813002286955684
9122654488717540482
9124431533651551432
9136220410676794143
9137624417689508996
9139104248362068515
915334299350228597
9158121085922704652
9161961672832629911
916409723602901706
9174618301594446372
9180768716829294751
918463742222627079
9186043282142575384
9187289052572460233
9188282377739797387
9188906407293479957
9190556395478030433
9198019257932219253
919890832210787584
9208151936382694303
9209273447412393322
921377981028963693
9215545651598665128
9224708840124369543
9225116577247926532
9225722469758414885
9239862756183455734
9243518502263254219
9243888342076224522
9256558574566212114
9257624863414729776
9261195442013157018
9275843116924197931
9278157622658289987
9300044538968396537
9301373772936756957
9303503986704158219
930363648221852906
9305051205500930378
9308452270213783531
9309592923809005092
9311212662345857374
9312482523336958073
9326306674064424262
9334766309311244887
9337058890965966159
9350675022197017666
9353119002032424928
9356029162827282494
9359654543077702678
9364296733739035060
936877453315741598
9383892417855341257
938425728697020651
9384541822143695961
9387136209208247928
9390427412452251376
9390477477550709427
9403249463179658636
9403811787060786676
9408923625724288260
9417619836169952452
9417623294541986719
9418126016092333068
9418343212727482791
9418554694569194214
9422041253524749959
9422982270135182265
9424463024230597180
9427451023238608442
9431006692317066175
9431559126359264513
9434289110080465940
9441792189505753045
944851241504638867
9449459359151945667
9461230530429495873
946208186497191818
9465833802224331424
9467676767116259836
9469025065570030515
9473944854776197763
9475335175498334265
9476925572018783800
9478980821793186696
9480501756414381004
9480691197980688579
9484518620652686279
9488182780162475311
9491019445763112038
9494146490148868646
9500589081623153241
9502438085423003092
9513631540624577910
9517645478538085939
9519468765819057481
9520218245535957270
9524203722320933703
9536605823330639447
954454872411320503
9550736315498489040
9551400764460528560
9551790452205293604
9564967412674573284
9565727205149506672
9566780914206209330
9584886483574486108
9586160294395370257
9597700664279190257
9600302360293171714
9604659667871657404
9608927092556178849
9613221808884218768
9619303422282689638
9619510190893969546
9621493110739952976
9630022323493168515
9631476581545779151
9633110926617822089
9634885740849395643
9642517901358775571
9643909735322245208
9648879744987553303
9653101275357218114
965427723673100393
9657272140571989715
9658163152159347495
9661109070961453249
9661479002401961714
9662888153903865555
9667558750822400664
9671549738888629010
967157434058994048
9677323588724702409
9684028823666849196
9686297453817001125
969080589782057999
9693502030678923928
969401474359879180
9694191992822313261
9695812367118054237
9699219378172146741
9704608936410053999
9709623446945324512
9712801119921059397
9727771250046432452
973586440605131020
9737549230555527951
9740803549332668519
9741650279370044737
974199702085854929
9755399300864681737
9756737507492834511
9764488632434011364
9765296047448680773
9765888683660502394
9771297232253060237
9776335567737919646
9777448450799267480
9787274919904885842
9789603622993599898
9797421593379324569
9799317646744074176
9800106280263160514
9813035758519232487
9822048809514477825
9824065117545076769
9829440256420546857
9835024104640490929
9841688485295765258
9841732770011590033
9842625711404892920
984378692917133462
98444825063028051
9848620543720037540
9854013449433770153
9856215578797226921
9862906501790392142
986361166936241457
9867427315793429085
9873284362852777053
9874033605794012186
9874270958133775843
9874846982866804770
9876977214010825216
9880899942010824557
9881520679471250580
9881719322083474789
9884069353019457127
9887868815934557087
988870760186758669
9888792010025659942
9889626288268993180
9890973989837979063
9894676036836643632
9901807043002737725
9902861072473409868
9904940366923079559
9905003634148060053
9910880217348440422
9913042998257803092
9914336350281367781
9917076475446789455
9919543578880428866
9919761710537714032
9924005134644830668
9938931211526793910
9946897625638821718
9949191050515807729
9949585319315395418
9950969859581814168
9954310071157131516
9956082554637422230
9958101747073353567
9963475609740816076
9969098900959751926
997313051107765419
9973632053360828539
9981580726151340195
9985052438300126791
9991116689464064460
9995608881318045667
9996404129964714647
9996969666227526993
